0	1	25001.000000	-2267.000000
1	0	410.000000	15.000000
2	0	3827.000000	993.000000
3	0	-5195.000000	-1194.000000
4	0	-6001.000000	-1024.000000
5	1	-25229.000000	4888.000000
6	0	5270.000000	1168.000000
7	0	2369.000000	689.000000
8	0	-5630.000000	-1341.000000
9	0	107.000000	124.000000
10	0	5762.000000	1297.000000
11	0	3181.000000	781.000000
12	0	-1856.000000	-441.000000
13	0	-157.000000	-6.000000
14	0	273.000000	21.000000
15	0	1813.000000	451.000000
16	0	3057.000000	746.000000
17	0	-989.000000	-223.000000
18	0	-1010.000000	-258.000000
19	0	2.000000	11.000000
20	0	1155.000000	310.000000
21	0	968.000000	253.000000
22	0	1782.000000	419.000000
23	0	-589.000000	-143.000000
24	0	676.000000	149.000000
25	0	3460.000000	875.000000
26	0	2767.000000	634.000000
27	0	65.000000	23.000000
28	0	-2765.000000	-595.000000
29	0	6623.000000	1698.000000
30	0	-29.000000	-69.000000
31	0	5649.000000	662.000000
0	1	25030.000000	-160.000000
1	0	-6966.000000	-105.000000
2	1	-29168.000000	-2815.000000
3	0	-181.000000	39.000000
4	0	-3478.000000	-665.000000
5	0	-8231.000000	-1622.000000
6	0	2899.000000	521.000000
7	0	13006.000000	3051.000000
8	0	-1233.000000	-245.000000
9	0	-2219.000000	-393.000000
10	0	281.000000	36.000000
11	0	6144.000000	1322.000000
12	0	-1006.000000	-221.000000
13	0	-77.000000	23.000000
14	0	-981.000000	-215.000000
15	0	791.000000	195.000000
16	0	4420.000000	991.000000
17	0	-844.000000	-174.000000
18	0	-905.000000	-217.000000
19	0	-197.000000	-29.000000
20	0	815.000000	217.000000
21	0	677.000000	177.000000
22	0	2423.000000	531.000000
23	0	-633.000000	-140.000000
24	0	544.000000	113.000000
25	0	3621.000000	865.000000
26	0	2848.000000	622.000000
27	0	-2.000000	8.000000
28	0	-2975.000000	-605.000000
29	0	6921.000000	1685.000000
30	0	-88.000000	-85.000000
31	0	5789.000000	633.000000
0	0	-12804.000000	225.000000
1	1	-25981.000000	-8738.000000
2	1	-4648.000000	-1335.000000
3	0	-2334.000000	-489.000000
4	0	7661.000000	1889.000000
5	0	3289.000000	854.000000
6	0	210.000000	52.000000
7	0	1021.000000	137.000000
8	0	3.000000	52.000000
9	0	2036.000000	563.000000
10	0	1334.000000	311.000000
11	0	1559.000000	342.000000
12	0	-635.000000	-156.000000
13	0	977.000000	275.000000
14	0	76.000000	7.000000
15	0	987.000000	260.000000
16	0	2549.000000	592.000000
17	0	-648.000000	-139.000000
18	0	-699.000000	-177.000000
19	0	174.000000	55.000000
20	0	989.000000	271.000000
21	0	796.000000	217.000000
22	0	1703.000000	387.000000
23	0	-458.000000	-108.000000
24	0	682.000000	153.000000
25	0	3202.000000	810.000000
26	0	2902.000000	665.000000
27	0	114.000000	39.000000
28	0	-2784.000000	-597.000000
29	0	6496.000000	1667.000000
30	0	48.000000	-55.000000
31	0	5650.000000	668.000000
0	1	24991.000000	-2260.000000
1	0	-10623.000000	-2668.000000
2	0	12605.000000	3182.000000
3	0	-1051.000000	-271.000000
4	0	-5505.000000	-1332.000000
5	0	-7070.000000	419.000000
6	1	-25257.000000	-5464.000000
7	0	9688.000000	2718.000000
8	0	-1999.000000	-505.000000
9	0	-6337.000000	-1504.000000
10	0	3607.000000	748.000000
11	0	7386.000000	1871.000000
12	0	-1306.000000	-328.000000
13	0	-568.000000	-131.000000
14	0	-1484.000000	-387.000000
15	0	1782.000000	448.000000
16	0	4415.000000	1106.000000
17	0	-935.000000	-216.000000
18	0	-1001.000000	-261.000000
19	0	-335.000000	-78.000000
20	0	870.000000	233.000000
21	0	836.000000	222.000000
22	0	2350.000000	565.000000
23	0	-677.000000	-165.000000
24	0	523.000000	109.000000
25	0	3648.000000	934.000000
26	0	2724.000000	623.000000
27	0	-20.000000	-0.000000
28	0	-2875.000000	-624.000000
29	0	6767.000000	1747.000000
30	0	-92.000000	-93.000000
31	0	5652.000000	672.000000
0	1	24989.000000	-2307.000000
1	0	11158.000000	2685.000000
2	0	-5741.000000	-1553.000000
3	0	-6522.000000	336.000000
4	1	-25223.000000	-4955.000000
5	0	5687.000000	1479.000000
6	0	1157.000000	298.000000
7	0	-3009.000000	-921.000000
8	0	-3105.000000	-769.000000
9	0	6430.000000	1680.000000
10	0	2161.000000	532.000000
11	0	684.000000	126.000000
12	0	-1700.000000	-431.000000
13	0	1624.000000	436.000000
14	0	639.000000	143.000000
15	0	1302.000000	340.000000
16	0	2095.000000	482.000000
17	0	-812.000000	-182.000000
18	0	-751.000000	-193.000000
19	0	340.000000	100.000000
20	0	1134.000000	312.000000
21	0	915.000000	245.000000
22	0	1443.000000	327.000000
23	0	-437.000000	-105.000000
24	0	759.000000	173.000000
25	0	3183.000000	804.000000
26	0	2884.000000	661.000000
27	0	149.000000	48.000000
28	0	-2723.000000	-584.000000
29	0	6442.000000	1658.000000
30	0	79.000000	-47.000000
31	0	5649.000000	666.000000
0	0	-25639.000000	-6841.000000
1	0	471.000000	36.000000
2	0	3946.000000	1126.000000
3	0	-5127.000000	-1147.000000
4	0	-5999.000000	-1022.000000
5	1	-25229.000000	4832.000000
6	0	5286.000000	1147.000000
7	0	2334.000000	801.000000
8	0	-5567.000000	-1322.000000
9	0	198.000000	149.000000
10	0	5950.000000	1349.000000
11	0	2744.000000	729.000000
12	0	-1737.000000	-420.000000
13	0	-54.000000	31.000000
14	0	489.000000	67.000000
15	0	2308.000000	592.000000
16	0	1734.000000	451.000000
17	0	-873.000000	-202.000000
18	0	-760.000000	-203.000000
19	0	273.000000	80.000000
20	0	1621.000000	458.000000
21	0	2247.000000	610.000000
22	0	-1426.000000	-382.000000
23	0	-54.000000	-8.000000
24	0	1559.000000	384.000000
25	0	1043.000000	297.000000
26	0	319.000000	95.000000
27	0	2118.000000	519.000000
28	0	5152.000000	1417.000000
29	0	-2317.000000	-706.000000
30	0	7001.000000	-825.000000
31	1	25623.000000	7518.000000
0	0	-26435.000000	-7329.000000
1	0	368.000000	8.000000
2	0	4324.000000	1275.000000
3	0	-5159.000000	-1144.000000
4	0	-6002.000000	-1022.000000
5	1	-25233.000000	4867.000000
6	0	5171.000000	1106.000000
7	0	3013.000000	1045.000000
8	0	-5813.000000	-1389.000000
9	0	22.000000	103.000000
10	0	5725.000000	1291.000000
11	0	4106.000000	1112.000000
12	0	-2411.000000	-604.000000
13	0	-354.000000	-50.000000
14	0	162.000000	-18.000000
15	0	1744.000000	443.000000
16	0	5113.000000	1391.000000
17	0	-2358.000000	-590.000000
18	0	-1455.000000	-406.000000
19	0	-276.000000	-70.000000
20	0	896.000000	252.000000
21	0	904.000000	240.000000
22	0	2436.000000	670.000000
23	0	-1514.000000	-401.000000
24	0	110.000000	13.000000
25	0	10263.000000	2869.000000
26	0	-5548.000000	-1480.000000
27	0	-1954.000000	-567.000000
28	0	-329.000000	-98.000000
29	0	7304.000000	-1441.000000
30	1	26449.000000	11109.000000
31	0	4324.000000	1360.000000
0	0	-21483.000000	-5050.000000
1	0	-6289.000000	-346.000000
2	1	-24931.000000	-119.000000
3	0	5.000000	-7.000000
4	0	-3084.000000	-779.000000
5	0	-7436.000000	-1847.000000
6	0	2384.000000	613.000000
7	0	12429.000000	3250.000000
8	0	-1110.000000	-276.000000
9	0	-2083.000000	-483.000000
10	0	91.000000	-13.000000
11	0	6219.000000	1506.000000
12	0	-804.000000	-209.000000
13	0	-95.000000	-10.000000
14	0	-1292.000000	-316.000000
15	0	301.000000	85.000000
16	0	5371.000000	1313.000000
17	0	392.000000	99.000000
18	0	-1395.000000	-371.000000
19	0	-979.000000	-230.000000
20	0	11.000000	3.000000
21	0	-318.000000	-68.000000
22	0	10980.000000	2637.000000
23	0	-3924.000000	-1054.000000
24	0	-3597.000000	-805.000000
25	0	4027.000000	1057.000000
26	0	5839.000000	914.000000
27	1	25161.000000	-4167.000000
28	0	-6240.000000	-1421.000000
29	0	3245.000000	850.000000
30	0	-1900.000000	-510.000000
31	0	5284.000000	1287.000000
0	0	-7158.000000	822.000000
1	1	-25833.000000	-8691.000000
2	0	-4830.000000	-1473.000000
3	0	-2250.000000	-476.000000
4	0	7716.000000	1907.000000
5	0	3305.000000	859.000000
6	0	176.000000	47.000000
7	0	868.000000	84.000000
8	0	195.000000	98.000000
9	0	2132.000000	587.000000
10	0	1342.000000	311.000000
11	0	952.000000	192.000000
12	0	-153.000000	-42.000000
13	0	1356.000000	371.000000
14	0	146.000000	21.000000
15	0	855.000000	223.000000
16	0	1084.000000	241.000000
17	0	346.000000	94.000000
18	0	10.000000	2.000000
19	0	1027.000000	265.000000
20	0	1634.000000	435.000000
21	0	-381.000000	-97.000000
22	0	867.000000	246.000000
23	0	3615.000000	858.000000
24	0	4622.000000	943.000000
25	0	-8363.000000	-1898.000000
26	0	6459.000000	1495.000000
27	0	5938.000000	709.000000
28	1	25017.000000	-2524.000000
29	0	-3705.000000	-824.000000
30	0	2081.000000	454.000000
31	0	3322.000000	842.000000
0	0	-7012.000000	859.000000
1	1	-25847.000000	-8676.000000
2	0	-4914.000000	-1484.000000
3	0	-2157.000000	-451.000000
4	0	7808.000000	1927.000000
5	0	3364.000000	874.000000
6	0	152.000000	40.000000
7	0	657.000000	33.000000
8	0	403.000000	150.000000
9	0	2346.000000	643.000000
10	0	1472.000000	343.000000
11	0	157.000000	-4.000000
12	0	187.000000	45.000000
13	0	1947.000000	523.000000
14	0	711.000000	155.000000
15	0	709.000000	186.000000
16	0	-723.000000	-217.000000
17	0	625.000000	159.000000
18	0	730.000000	190.000000
19	0	3878.000000	984.000000
20	0	5961.000000	1651.000000
21	0	-5476.000000	-1412.000000
22	0	-2740.000000	-649.000000
23	0	5122.000000	1241.000000
24	0	6081.000000	711.000000
25	1	24990.000000	-2498.000000
26	0	2659.000000	609.000000
27	0	8078.000000	1870.000000
28	0	-4859.000000	-1083.000000
29	0	-4967.000000	-1160.000000
30	0	1498.000000	356.000000
31	0	345.000000	81.000000
0	0	-15452.000000	-3679.000000
1	0	-10742.000000	-2724.000000
2	0	13000.000000	3304.000000
3	0	-1178.000000	-300.000000
4	0	-5636.000000	-1367.000000
5	0	-7075.000000	424.000000
6	1	-25258.000000	-5467.000000
7	0	10513.000000	2948.000000
8	0	-2487.000000	-629.000000
9	0	-6585.000000	-1571.000000
10	0	3385.000000	695.000000
11	0	9868.000000	2484.000000
12	0	-2911.000000	-725.000000
13	0	-1196.000000	-292.000000
14	0	-1843.000000	-472.000000
15	0	1388.000000	348.000000
16	0	12354.000000	3021.000000
17	0	-5743.000000	-1320.000000
18	0	-2978.000000	-760.000000
19	0	-1245.000000	-307.000000
20	0	173.000000	43.000000
21	0	261.000000	71.000000
22	0	7049.000000	1652.000000
23	0	-4522.000000	-1030.000000
24	0	-964.000000	-246.000000
25	0	6146.000000	637.000000
26	1	24956.000000	-1480.000000
27	0	-4597.000000	-1169.000000
28	0	-1248.000000	-300.000000
29	0	9888.000000	2551.000000
30	0	-7562.000000	-1959.000000
31	0	2883.000000	748.000000
0	0	-26057.000000	-6416.000000
1	0	11377.000000	2738.000000
2	0	-5926.000000	-1554.000000
3	0	-6518.000000	335.000000
4	1	-25212.000000	-4863.000000
5	0	5804.000000	1511.000000
6	0	1285.000000	315.000000
7	0	-3502.000000	-1005.000000
8	0	-2876.000000	-715.000000
9	0	6675.000000	1746.000000
10	0	2612.000000	645.000000
11	0	-662.000000	-183.000000
12	0	-1263.000000	-324.000000
13	0	1988.000000	529.000000
14	0	1271.000000	287.000000
15	0	2715.000000	699.000000
16	0	-1646.000000	-443.000000
17	0	-198.000000	-41.000000
18	0	-118.000000	-33.000000
19	0	1294.000000	337.000000
20	0	3458.000000	921.000000
21	0	5651.000000	1431.000000
22	0	-8357.000000	-2036.000000
23	0	1040.000000	260.000000
24	0	4795.000000	1123.000000
25	0	-4758.000000	-1134.000000
26	0	1325.000000	324.000000
27	0	5048.000000	1219.000000
28	0	6159.000000	148.000000
29	1	24955.000000	1316.000000
30	0	7688.000000	1974.000000
31	0	-4714.000000	-1298.000000
0	0	-15794.000000	-3825.000000
1	0	-6287.000000	-346.000000
2	1	-24928.000000	-87.000000
3	0	36.000000	4.000000
4	0	-3146.000000	-789.000000
5	0	-7522.000000	-1873.000000
6	0	2276.000000	586.000000
7	0	13050.000000	3430.000000
8	0	-1272.000000	-310.000000
9	0	-2311.000000	-533.000000
10	0	-119.000000	-67.000000
11	0	7431.000000	1787.000000
12	0	-748.000000	-177.000000
13	0	-694.000000	-143.000000
14	0	-1892.000000	-459.000000
15	0	-20.000000	7.000000
16	0	7809.000000	1843.000000
17	0	5515.000000	1268.000000
18	0	-5659.000000	-1316.000000
19	0	-3750.000000	-890.000000
20	0	-773.000000	-209.000000
21	0	-568.000000	-141.000000
22	0	6319.000000	754.000000
23	1	24991.000000	-2310.000000
24	0	-5002.000000	-1198.000000
25	0	4696.000000	1072.000000
26	0	4737.000000	1247.000000
27	0	-7750.000000	-1884.000000
28	0	-2460.000000	-612.000000
29	0	2201.000000	552.000000
30	0	-1425.000000	-360.000000
31	0	1775.000000	451.000000
0	0	-20587.000000	-5975.000000
1	0	-1911.000000	-456.000000
2	0	3645.000000	1065.000000
3	0	-1385.000000	-277.000000
4	0	-4782.000000	-1053.000000
5	0	-1572.000000	-336.000000
6	0	5478.000000	1148.000000
7	0	3896.000000	1242.000000
8	0	-3620.000000	-883.000000
9	0	-6269.000000	-924.000000
10	1	-25049.000000	3376.000000
11	0	6731.000000	1732.000000
12	0	-2459.000000	-619.000000
13	0	-2869.000000	-668.000000
14	0	-2097.000000	-582.000000
15	0	5102.000000	1289.000000
16	0	6093.000000	1638.000000
17	0	-2521.000000	-634.000000
18	0	-1792.000000	-497.000000
19	0	-1026.000000	-259.000000
20	0	1144.000000	319.000000
21	0	1264.000000	335.000000
22	0	2789.000000	757.000000
23	0	-1734.000000	-453.000000
24	0	5.000000	-16.000000
25	0	10659.000000	2982.000000
26	0	-5684.000000	-1518.000000
27	0	-2053.000000	-595.000000
28	0	-340.000000	-99.000000
29	0	7312.000000	-1437.000000
30	1	26438.000000	11068.000000
31	0	4335.000000	1368.000000
0	0	-21667.000000	-5971.000000
1	0	2234.000000	502.000000
2	0	-982.000000	-66.000000
3	0	-5242.000000	-1204.000000
4	0	1630.000000	355.000000
5	0	4810.000000	1184.000000
6	0	1504.000000	313.000000
7	0	-2905.000000	-529.000000
8	0	-5910.000000	-1045.000000
9	1	-25235.000000	4776.000000
10	0	3696.000000	895.000000
11	0	215.000000	125.000000
12	0	-5363.000000	-1235.000000
13	0	2486.000000	583.000000
14	0	3000.000000	634.000000
15	0	2332.000000	596.000000
16	0	596.000000	177.000000
17	0	-1228.000000	-286.000000
18	0	-965.000000	-252.000000
19	0	1009.000000	258.000000
20	0	1998.000000	557.000000
21	0	2399.000000	650.000000
22	0	-2064.000000	-533.000000
23	0	52.000000	17.000000
24	0	1779.000000	440.000000
25	0	884.000000	260.000000
26	0	331.000000	97.000000
27	0	2225.000000	550.000000
28	0	5282.000000	1451.000000
29	0	-2451.000000	-743.000000
30	0	7004.000000	-820.000000
31	1	25622.000000	7490.000000
0	1	24998.000000	-2296.000000
1	0	8513.000000	2155.000000
2	0	-6239.000000	-135.000000
3	1	-24975.000000	-1977.000000
4	0	6675.000000	1606.000000
5	0	1480.000000	384.000000
6	0	-350.000000	-88.000000
7	0	-5775.000000	-1668.000000
8	0	6104.000000	1591.000000
9	0	2372.000000	614.000000
10	0	926.000000	212.000000
11	0	-1394.000000	-376.000000
12	0	871.000000	215.000000
13	0	1867.000000	504.000000
14	0	278.000000	56.000000
15	0	889.000000	233.000000
16	0	1427.000000	313.000000
17	0	-262.000000	-44.000000
18	0	-421.000000	-103.000000
19	0	373.000000	107.000000
20	0	1003.000000	276.000000
21	0	793.000000	214.000000
22	0	1384.000000	313.000000
23	0	-314.000000	-74.000000
24	0	753.000000	174.000000
25	0	2904.000000	736.000000
26	0	3053.000000	705.000000
27	0	194.000000	58.000000
28	0	-2744.000000	-590.000000
29	0	6329.000000	1632.000000
30	0	137.000000	-30.000000
31	0	5653.000000	666.000000
0	1	24996.000000	-2262.000000
1	0	-8242.000000	-2091.000000
2	0	9895.000000	2504.000000
3	0	428.000000	93.000000
4	0	-1316.000000	-366.000000
5	0	-5922.000000	-1660.000000
6	0	-6365.000000	286.000000
7	1	-25102.000000	-4036.000000
8	0	-758.000000	-198.000000
9	0	-2204.000000	-568.000000
10	0	-5390.000000	-1418.000000
11	0	10620.000000	2676.000000
12	0	-867.000000	-223.000000
13	0	-238.000000	-56.000000
14	0	-1732.000000	-444.000000
15	0	-465.000000	-98.000000
16	0	6092.000000	1531.000000
17	0	-812.000000	-189.000000
18	0	-885.000000	-232.000000
19	0	-370.000000	-88.000000
20	0	509.000000	138.000000
21	0	345.000000	98.000000
22	0	3024.000000	731.000000
23	0	-676.000000	-168.000000
24	0	395.000000	79.000000
25	0	3677.000000	943.000000
26	0	2740.000000	629.000000
27	0	-75.000000	-12.000000
28	0	-3038.000000	-666.000000
29	0	6913.000000	1788.000000
30	0	-167.000000	-112.000000
31	0	5655.000000	670.000000
0	0	-6985.000000	864.000000
1	1	-25833.000000	-8673.000000
2	0	-4760.000000	-1456.000000
3	0	-2180.000000	-457.000000
4	0	7715.000000	1907.000000
5	0	3219.000000	839.000000
6	0	59.000000	17.000000
7	0	1136.000000	156.000000
8	0	325.000000	129.000000
9	0	2020.000000	564.000000
10	0	1001.000000	231.000000
11	0	1240.000000	255.000000
12	0	417.000000	92.000000
13	0	1860.000000	504.000000
14	0	-847.000000	-204.000000
15	0	-29.000000	9.000000
16	0	1705.000000	384.000000
17	0	2008.000000	460.000000
18	0	2219.000000	543.000000
19	0	144.000000	106.000000
20	0	-2235.000000	-590.000000
21	0	-1786.000000	-445.000000
22	0	6072.000000	1445.000000
23	0	6323.000000	680.000000
24	1	24968.000000	-2073.000000
25	0	-4763.000000	-1197.000000
26	0	5271.000000	1176.000000
27	0	-174.000000	85.000000
28	0	-4825.000000	-1167.000000
29	0	-352.000000	-84.000000
30	0	76.000000	12.000000
31	0	1171.000000	291.000000
0	0	-18001.000000	-4283.000000
1	0	8842.000000	2223.000000
2	0	-6251.000000	-137.000000
3	1	-24972.000000	-1941.000000
4	0	6978.000000	1670.000000
5	0	1738.000000	450.000000
6	0	-334.000000	-76.000000
7	0	-6816.000000	-1980.000000
8	0	6735.000000	1740.000000
9	0	3221.000000	823.000000
10	0	1711.000000	373.000000
11	0	-4526.000000	-1117.000000
12	0	1917.000000	466.000000
13	0	3523.000000	897.000000
14	0	4077.000000	860.000000
15	0	54.000000	2.000000
16	0	-5769.000000	-1363.000000
17	0	974.000000	241.000000
18	0	1178.000000	305.000000
19	0	7135.000000	1720.000000
20	0	6703.000000	1294.000000
21	1	25166.000000	-4375.000000
22	0	-7498.000000	-1663.000000
23	0	2555.000000	612.000000
24	0	7650.000000	1846.000000
25	0	-10441.000000	-2572.000000
26	0	1339.000000	312.000000
27	0	2334.000000	569.000000
28	0	518.000000	89.000000
29	0	-3581.000000	-821.000000
30	0	1124.000000	266.000000
31	0	-238.000000	-62.000000
0	0	-8936.000000	-2093.000000
1	0	-8604.000000	-2178.000000
2	0	10483.000000	2661.000000
3	0	382.000000	79.000000
4	0	-1597.000000	-432.000000
5	0	-6232.000000	-1740.000000
6	0	-6371.000000	286.000000
7	1	-25096.000000	-3982.000000
8	0	-1625.000000	-404.000000
9	0	-3090.000000	-789.000000
10	0	-6038.000000	-1577.000000
11	0	15424.000000	3846.000000
12	0	-212.000000	-80.000000
13	0	-4003.000000	-972.000000
14	0	-3383.000000	-823.000000
15	0	-1462.000000	-349.000000
16	0	12550.000000	3183.000000
17	0	6204.000000	567.000000
18	1	24967.000000	-1672.000000
19	0	-6816.000000	-1635.000000
20	0	-1262.000000	-343.000000
21	0	-849.000000	-213.000000
22	0	12370.000000	2926.000000
23	0	-7637.000000	-1779.000000
24	0	-2536.000000	-603.000000
25	0	3419.000000	868.000000
26	0	-422.000000	-85.000000
27	0	-2257.000000	-570.000000
28	0	-1271.000000	-312.000000
29	0	1701.000000	449.000000
30	0	-1048.000000	-280.000000
31	0	847.000000	221.000000
0	0	-20765.000000	-4920.000000
1	0	11660.000000	2800.000000
2	0	-6464.000000	-1738.000000
3	0	-6517.000000	336.000000
4	1	-25206.000000	-4814.000000
5	0	6049.000000	1582.000000
6	0	1706.000000	419.000000
7	0	-4671.000000	-1359.000000
8	0	-2672.000000	-666.000000
9	0	7061.000000	1838.000000
10	0	3889.000000	942.000000
11	0	-2945.000000	-744.000000
12	0	-991.000000	-256.000000
13	0	2279.000000	591.000000
14	0	2710.000000	596.000000
15	0	9264.000000	2215.000000
16	0	-10632.000000	-2598.000000
17	0	30.000000	11.000000
18	0	167.000000	44.000000
19	0	2017.000000	499.000000
20	0	7173.000000	1815.000000
21	0	6152.000000	737.000000
22	1	24994.000000	-2307.000000
23	0	1030.000000	249.000000
24	0	3957.000000	934.000000
25	0	-4527.000000	-1091.000000
26	0	757.000000	176.000000
27	0	2075.000000	499.000000
28	0	6226.000000	1469.000000
29	0	-8255.000000	-1976.000000
30	0	2379.000000	592.000000
31	0	-1450.000000	-387.000000
0	0	-10552.000000	-2355.000000
1	0	-11082.000000	-2817.000000
2	0	14031.000000	3537.000000
3	0	-1600.000000	-410.000000
4	0	-5947.000000	-1441.000000
5	0	-7076.000000	427.000000
6	1	-25261.000000	-5477.000000
7	0	12810.000000	3525.000000
8	0	-4193.000000	-1047.000000
9	0	-7054.000000	-1678.000000
10	0	3152.000000	631.000000
11	0	19872.000000	4809.000000
12	0	-11191.000000	-2683.000000
13	0	-2834.000000	-702.000000
14	0	-2210.000000	-551.000000
15	0	1113.000000	276.000000
16	0	6436.000000	923.000000
17	1	25036.000000	-2975.000000
18	0	-6730.000000	-1709.000000
19	0	-2058.000000	-506.000000
20	0	-162.000000	-53.000000
21	0	27.000000	5.000000
22	0	6495.000000	1502.000000
23	0	-4143.000000	-924.000000
24	0	-1058.000000	-261.000000
25	0	9726.000000	2325.000000
26	0	-6648.000000	-1508.000000
27	0	-2072.000000	-512.000000
28	0	-763.000000	-185.000000
29	0	3590.000000	892.000000
30	0	-2466.000000	-614.000000
31	0	944.000000	244.000000
0	0	-21440.000000	-5944.000000
1	0	3349.000000	820.000000
2	0	-8142.000000	-1888.000000
3	0	3730.000000	956.000000
4	0	4183.000000	987.000000
5	0	1418.000000	343.000000
6	0	351.000000	46.000000
7	0	-6282.000000	-1058.000000
8	1	-25052.000000	3485.000000
9	0	4149.000000	981.000000
10	0	1380.000000	336.000000
11	0	-8987.000000	-2080.000000
12	0	2043.000000	495.000000
13	0	6517.000000	1601.000000
14	0	1256.000000	268.000000
15	0	1592.000000	417.000000
16	0	-2185.000000	-537.000000
17	0	-4.000000	29.000000
18	0	510.000000	116.000000
19	0	1330.000000	335.000000
20	0	1676.000000	476.000000
21	0	2206.000000	604.000000
22	0	-2683.000000	-682.000000
23	0	546.000000	134.000000
24	0	1858.000000	461.000000
25	0	18.000000	37.000000
26	0	802.000000	213.000000
27	0	2427.000000	601.000000
28	0	5315.000000	1460.000000
29	0	-2866.000000	-843.000000
30	0	7011.000000	-818.000000
31	1	25615.000000	7446.000000
0	0	-19666.000000	-5722.000000
1	0	-2878.000000	-699.000000
2	0	4316.000000	1231.000000
3	0	-184.000000	-1.000000
4	0	-1199.000000	-289.000000
5	0	-3552.000000	-932.000000
6	0	-3240.000000	-817.000000
7	0	10141.000000	2860.000000
8	0	-1256.000000	-316.000000
9	0	-3613.000000	-895.000000
10	0	-6094.000000	-613.000000
11	1	-24950.000000	1672.000000
12	0	-1667.000000	-435.000000
13	0	-1109.000000	-259.000000
14	0	-5899.000000	-1363.000000
15	0	-1083.000000	-210.000000
16	0	13177.000000	3328.000000
17	0	-2322.000000	-589.000000
18	0	-1498.000000	-422.000000
19	0	-1271.000000	-318.000000
20	0	-369.000000	-77.000000
21	0	330.000000	92.000000
22	0	4854.000000	1260.000000
23	0	-1795.000000	-472.000000
24	0	-441.000000	-123.000000
25	0	10982.000000	3065.000000
26	0	-5707.000000	-1525.000000
27	0	-2247.000000	-643.000000
28	0	-745.000000	-198.000000
29	0	7327.000000	-1433.000000
30	1	26436.000000	11066.000000
31	0	4500.000000	1411.000000
0	0	-6913.000000	883.000000
1	1	-25832.000000	-8666.000000
2	0	-5094.000000	-1547.000000
3	0	-1991.000000	-417.000000
4	0	7967.000000	1962.000000
5	0	3297.000000	858.000000
6	0	-114.000000	-15.000000
7	0	597.000000	-3.000000
8	0	958.000000	280.000000
9	0	2758.000000	743.000000
10	0	655.000000	136.000000
11	0	-404.000000	-130.000000
12	0	1093.000000	251.000000
13	0	6149.000000	1519.000000
14	0	-1055.000000	-289.000000
15	0	-3249.000000	-722.000000
16	0	-696.000000	-179.000000
17	0	1283.000000	302.000000
18	0	3345.000000	836.000000
19	0	6245.000000	840.000000
20	1	25024.000000	-3012.000000
21	0	-6128.000000	-1483.000000
22	0	53.000000	22.000000
23	0	3958.000000	943.000000
24	0	-34.000000	-8.000000
25	0	-4962.000000	-1226.000000
26	0	1270.000000	298.000000
27	0	891.000000	229.000000
28	0	-1011.000000	-245.000000
29	0	-964.000000	-231.000000
30	0	334.000000	81.000000
31	0	198.000000	49.000000
0	0	-17407.000000	-4889.000000
1	0	1144.000000	283.000000
2	0	-1518.000000	-289.000000
3	0	-516.000000	-84.000000
4	0	1191.000000	296.000000
5	0	1135.000000	283.000000
6	0	605.000000	117.000000
7	0	-6804.000000	-1680.000000
8	0	879.000000	276.000000
9	0	5228.000000	1252.000000
10	0	1699.000000	420.000000
11	0	-4786.000000	-1169.000000
12	0	-6505.000000	-591.000000
13	1	-24923.000000	1146.000000
14	0	3758.000000	833.000000
15	0	1956.000000	506.000000
16	0	-2084.000000	-530.000000
17	0	-3693.000000	-858.000000
18	0	4.000000	23.000000
19	0	4271.000000	1046.000000
20	0	2339.000000	647.000000
21	0	2483.000000	674.000000
22	0	-3802.000000	-967.000000
23	0	795.000000	206.000000
24	0	2349.000000	579.000000
25	0	252.000000	87.000000
26	0	455.000000	133.000000
27	0	2581.000000	641.000000
28	0	5531.000000	1517.000000
29	0	-2821.000000	-841.000000
30	0	7013.000000	-813.000000
31	1	25616.000000	7462.000000
0	0	-17301.000000	-5205.000000
1	0	-982.000000	-234.000000
2	0	1941.000000	657.000000
3	0	-493.000000	-73.000000
4	0	-1039.000000	-241.000000
5	0	-1087.000000	-275.000000
6	0	542.000000	80.000000
7	0	3170.000000	1046.000000
8	0	-1624.000000	-408.000000
9	0	-4800.000000	-1222.000000
10	0	-799.000000	-95.000000
11	0	9264.000000	2288.000000
12	0	-2056.000000	-527.000000
13	0	-3639.000000	-860.000000
14	0	-6379.000000	-745.000000
15	1	-24993.000000	2705.000000
16	0	9705.000000	2452.000000
17	0	-2608.000000	-656.000000
18	0	-2097.000000	-573.000000
19	0	-4383.000000	-1041.000000
20	0	118.000000	45.000000
21	0	3837.000000	944.000000
22	0	4508.000000	1147.000000
23	0	-2297.000000	-590.000000
24	0	-747.000000	-199.000000
25	0	12012.000000	3321.000000
26	0	-5939.000000	-1579.000000
27	0	-2410.000000	-684.000000
28	0	-463.000000	-129.000000
29	0	7330.000000	-1429.000000
30	1	26432.000000	11056.000000
31	0	4399.000000	1386.000000
0	0	-12134.000000	-2835.000000
1	0	-6288.000000	-344.000000
2	1	-24927.000000	-111.000000
3	0	288.000000	56.000000
4	0	-3081.000000	-779.000000
5	0	-7695.000000	-1912.000000
6	0	2095.000000	554.000000
7	0	13194.000000	3424.000000
8	0	-454.000000	-117.000000
9	0	-2739.000000	-631.000000
10	0	-672.000000	-199.000000
11	0	6418.000000	1537.000000
12	0	3255.000000	720.000000
13	0	904.000000	311.000000
14	0	-5872.000000	-1371.000000
15	0	-895.000000	-197.000000
16	0	4220.000000	1023.000000
17	0	5968.000000	1307.000000
18	0	6096.000000	1136.000000
19	1	25214.000000	-4817.000000
20	0	-3642.000000	-947.000000
21	0	-1217.000000	-296.000000
22	0	6009.000000	1402.000000
23	0	228.000000	17.000000
24	0	-3924.000000	-888.000000
25	0	-117.000000	-23.000000
26	0	1061.000000	241.000000
27	0	-916.000000	-207.000000
28	0	-1212.000000	-285.000000
29	0	495.000000	125.000000
30	0	-320.000000	-81.000000
31	0	523.000000	129.000000
0	0	-16724.000000	-4684.000000
1	0	145.000000	30.000000
2	0	442.000000	214.000000
3	0	-765.000000	-155.000000
4	0	-588.000000	-122.000000
5	0	715.000000	171.000000
6	0	892.000000	182.000000
7	0	-150.000000	79.000000
8	0	-3168.000000	-753.000000
9	0	158.000000	41.000000
10	0	3436.000000	842.000000
11	0	1159.000000	318.000000
12	0	-4035.000000	-964.000000
13	0	-6345.000000	-545.000000
14	1	-24913.000000	806.000000
15	0	4532.000000	1120.000000
16	0	992.000000	256.000000
17	0	-2084.000000	-501.000000
18	0	-4643.000000	-1235.000000
19	0	14.000000	53.000000
20	0	6073.000000	1669.000000
21	0	3450.000000	924.000000
22	0	-2430.000000	-644.000000
23	0	-783.000000	-183.000000
24	0	2265.000000	564.000000
25	0	1815.000000	497.000000
26	0	-96.000000	-6.000000
27	0	2128.000000	524.000000
28	0	5549.000000	1526.000000
29	0	-2244.000000	-694.000000
30	0	7006.000000	-814.000000
31	1	25617.000000	7473.000000
0	0	-1965.000000	-278.000000
1	0	-1530.000000	-389.000000
2	0	2248.000000	516.000000
3	0	-168.000000	-61.000000
4	0	-769.000000	-200.000000
5	0	-1375.000000	-367.000000
6	0	-1814.000000	-432.000000
7	0	6125.000000	1580.000000
8	0	-1528.000000	-378.000000
9	0	-2299.000000	-591.000000
10	0	-7592.000000	-1884.000000
11	0	14910.000000	3629.000000
12	0	-240.000000	-84.000000
13	0	-4578.000000	-1130.000000
14	0	-6275.000000	-1441.000000
15	0	-6651.000000	262.000000
16	1	-25042.000000	-3597.000000
17	0	6203.000000	575.000000
18	1	24966.000000	-1674.000000
19	0	-7975.000000	-1933.000000
20	0	-4938.000000	-1332.000000
21	0	-5911.000000	-1570.000000
22	0	21677.000000	5282.000000
23	0	-8087.000000	-1903.000000
24	0	-3813.000000	-934.000000
25	0	5044.000000	1292.000000
26	0	-724.000000	-160.000000
27	0	-2885.000000	-738.000000
28	0	-2570.000000	-657.000000
29	0	3629.000000	961.000000
30	0	-1743.000000	-467.000000
31	0	1254.000000	339.000000
0	0	-3793.000000	-689.000000
1	0	1685.000000	409.000000
2	0	-3774.000000	-1035.000000
3	0	2171.000000	507.000000
4	0	1596.000000	382.000000
5	0	808.000000	210.000000
6	0	145.000000	53.000000
7	0	-10245.000000	-2839.000000
8	0	8794.000000	2173.000000
9	0	2428.000000	613.000000
10	0	1495.000000	338.000000
11	0	-6730.000000	-226.000000
12	1	-24933.000000	-1341.000000
13	0	6573.000000	1679.000000
14	0	4665.000000	1015.000000
15	0	37.000000	-10.000000
16	0	-17968.000000	-4430.000000
17	0	7358.000000	1792.000000
18	0	4732.000000	1229.000000
19	0	8316.000000	2019.000000
20	0	6705.000000	1301.000000
21	1	25166.000000	-4378.000000
22	0	-9918.000000	-2258.000000
23	0	3948.000000	949.000000
24	0	8119.000000	1972.000000
25	0	-12958.000000	-3229.000000
26	0	2863.000000	691.000000
27	0	2999.000000	745.000000
28	0	830.000000	166.000000
29	0	-4724.000000	-1118.000000
30	0	1891.000000	465.000000
31	0	-546.000000	-146.000000

