0	1	25001.000000	-2268.000000
1	0	411.000000	13.000000
2	0	3826.000000	993.000000
3	0	-5195.000000	-1195.000000
4	0	-6002.000000	-1024.000000
5	1	-25229.000000	4889.000000
6	0	5269.000000	1167.000000
7	0	2368.000000	688.000000
8	0	-5629.000000	-1347.000000
9	0	108.000000	123.000000
10	0	5762.000000	1296.000000
11	0	3181.000000	780.000000
12	0	-1856.000000	-439.000000
13	0	-157.000000	-5.000000
14	0	274.000000	21.000000
15	0	1814.000000	450.000000
16	0	3060.000000	742.000000
17	0	-990.000000	-222.000000
18	0	-1010.000000	-260.000000
19	0	4.000000	10.000000
20	0	1153.000000	309.000000
21	0	968.000000	253.000000
22	0	1783.000000	420.000000
23	0	-590.000000	-143.000000
24	0	676.000000	149.000000
25	0	3461.000000	876.000000
26	0	2767.000000	635.000000
27	0	67.000000	23.000000
28	0	-2763.000000	-593.000000
29	0	6622.000000	1698.000000
30	0	-29.000000	-69.000000
31	0	5650.000000	662.000000
0	1	25030.000000	-160.000000
1	0	-6967.000000	-104.000000
2	1	-29182.000000	-2820.000000
3	0	-180.000000	39.000000
4	0	-3481.000000	-666.000000
5	0	-8232.000000	-1622.000000
6	0	2901.000000	519.000000
7	0	13006.000000	3052.000000
8	0	-1235.000000	-246.000000
9	0	-2219.000000	-396.000000
10	0	282.000000	36.000000
11	0	6143.000000	1320.000000
12	0	-1005.000000	-220.000000
13	0	-78.000000	23.000000
14	0	-982.000000	-215.000000
15	0	793.000000	194.000000
16	0	4419.000000	988.000000
17	0	-843.000000	-176.000000
18	0	-905.000000	-217.000000
19	0	-199.000000	-29.000000
20	0	817.000000	217.000000
21	0	678.000000	173.000000
22	0	2423.000000	530.000000
23	0	-633.000000	-141.000000
24	0	544.000000	113.000000
25	0	3622.000000	866.000000
26	0	2850.000000	621.000000
27	0	-1.000000	8.000000
28	0	-2976.000000	-604.000000
29	0	6920.000000	1687.000000
30	0	-89.000000	-85.000000
31	0	5789.000000	634.000000
0	0	-12805.000000	224.000000
1	1	-25980.000000	-8728.000000
2	1	-4648.000000	-1336.000000
3	0	-2333.000000	-489.000000
4	0	7662.000000	1888.000000
5	0	3290.000000	854.000000
6	0	210.000000	51.000000
7	0	1019.000000	139.000000
8	0	3.000000	52.000000
9	0	2035.000000	567.000000
10	0	1335.000000	309.000000
11	0	1559.000000	341.000000
12	0	-635.000000	-156.000000
13	0	977.000000	274.000000
14	0	76.000000	6.000000
15	0	989.000000	259.000000
16	0	2549.000000	593.000000
17	0	-648.000000	-140.000000
18	0	-698.000000	-177.000000
19	0	175.000000	57.000000
20	0	990.000000	271.000000
21	0	795.000000	215.000000
22	0	1702.000000	389.000000
23	0	-458.000000	-109.000000
24	0	684.000000	154.000000
25	0	3203.000000	810.000000
26	0	2901.000000	665.000000
27	0	115.000000	38.000000
28	0	-2784.000000	-595.000000
29	0	6496.000000	1667.000000
30	0	49.000000	-55.000000
31	0	5651.000000	668.000000
0	1	24991.000000	-2261.000000
1	0	-10624.000000	-2669.000000
2	0	12607.000000	3181.000000
3	0	-1051.000000	-270.000000
4	0	-5505.000000	-1333.000000
5	0	-7070.000000	418.000000
6	1	-25256.000000	-5456.000000
7	0	9689.000000	2718.000000
8	0	-2000.000000	-506.000000
9	0	-6336.000000	-1511.000000
10	0	3607.000000	746.000000
11	0	7387.000000	1869.000000
12	0	-1307.000000	-327.000000
13	0	-569.000000	-132.000000
14	0	-1484.000000	-388.000000
15	0	1783.000000	449.000000
16	0	4416.000000	1105.000000
17	0	-933.000000	-216.000000
18	0	-1001.000000	-263.000000
19	0	-335.000000	-79.000000
20	0	870.000000	232.000000
21	0	837.000000	220.000000
22	0	2351.000000	565.000000
23	0	-677.000000	-166.000000
24	0	523.000000	109.000000
25	0	3648.000000	934.000000
26	0	2725.000000	623.000000
27	0	-21.000000	2.000000
28	0	-2875.000000	-624.000000
29	0	6767.000000	1749.000000
30	0	-91.000000	-92.000000
31	0	5653.000000	672.000000
0	1	24989.000000	-2308.000000
1	0	11158.000000	2684.000000
2	0	-5741.000000	-1553.000000
3	0	-6523.000000	335.000000
4	1	-25222.000000	-4949.000000
5	0	5687.000000	1479.000000
6	0	1157.000000	297.000000
7	0	-3009.000000	-922.000000
8	0	-3104.000000	-771.000000
9	0	6429.000000	1686.000000
10	0	2162.000000	529.000000
11	0	685.000000	128.000000
12	0	-1701.000000	-429.000000
13	0	1625.000000	435.000000
14	0	639.000000	142.000000
15	0	1303.000000	340.000000
16	0	2096.000000	480.000000
17	0	-813.000000	-183.000000
18	0	-751.000000	-193.000000
19	0	340.000000	100.000000
20	0	1134.000000	312.000000
21	0	915.000000	244.000000
22	0	1444.000000	327.000000
23	0	-437.000000	-105.000000
24	0	758.000000	174.000000
25	0	3182.000000	806.000000
26	0	2883.000000	661.000000
27	0	150.000000	48.000000
28	0	-2723.000000	-582.000000
29	0	6442.000000	1658.000000
30	0	81.000000	-45.000000
31	0	5650.000000	667.000000
0	0	-25640.000000	-6840.000000
1	0	472.000000	36.000000
2	0	3945.000000	1127.000000
3	0	-5127.000000	-1148.000000
4	0	-6000.000000	-1022.000000
5	1	-25229.000000	4835.000000
6	0	5287.000000	1147.000000
7	0	2332.000000	800.000000
8	0	-5566.000000	-1329.000000
9	0	196.000000	149.000000
10	0	5950.000000	1347.000000
11	0	2745.000000	727.000000
12	0	-1737.000000	-419.000000
13	0	-54.000000	31.000000
14	0	487.000000	68.000000
15	0	2308.000000	587.000000
16	0	1734.000000	451.000000
17	0	-873.000000	-204.000000
18	0	-760.000000	-204.000000
19	0	273.000000	81.000000
20	0	1621.000000	457.000000
21	0	2249.000000	610.000000
22	0	-1426.000000	-383.000000
23	0	-55.000000	-9.000000
24	0	1559.000000	386.000000
25	0	1044.000000	298.000000
26	0	319.000000	93.000000
27	0	2118.000000	520.000000
28	0	5154.000000	1417.000000
29	0	-2317.000000	-705.000000
30	0	7000.000000	-824.000000
31	1	25621.000000	7512.000000
0	0	-26432.000000	-7329.000000
1	0	369.000000	6.000000
2	0	4324.000000	1275.000000
3	0	-5160.000000	-1143.000000
4	0	-6002.000000	-1023.000000
5	1	-25232.000000	4869.000000
6	0	5172.000000	1106.000000
7	0	3012.000000	1044.000000
8	0	-5812.000000	-1396.000000
9	0	22.000000	100.000000
10	0	5727.000000	1288.000000
11	0	4107.000000	1111.000000
12	0	-2411.000000	-603.000000
13	0	-355.000000	-49.000000
14	0	163.000000	-18.000000
15	0	1745.000000	442.000000
16	0	5114.000000	1389.000000
17	0	-2358.000000	-590.000000
18	0	-1456.000000	-408.000000
19	0	-277.000000	-70.000000
20	0	895.000000	252.000000
21	0	903.000000	239.000000
22	0	2438.000000	668.000000
23	0	-1513.000000	-399.000000
24	0	110.000000	12.000000
25	0	10265.000000	2868.000000
26	0	-5550.000000	-1480.000000
27	0	-1953.000000	-568.000000
28	0	-329.000000	-95.000000
29	0	7304.000000	-1441.000000
30	1	26447.000000	11103.000000
31	0	4323.000000	1360.000000
0	0	-21485.000000	-5052.000000
1	0	-6290.000000	-345.000000
2	1	-24931.000000	-118.000000
3	0	4.000000	-7.000000
4	0	-3085.000000	-779.000000
5	0	-7437.000000	-1846.000000
6	0	2385.000000	613.000000
7	0	12429.000000	3250.000000
8	0	-1111.000000	-278.000000
9	0	-2084.000000	-483.000000
10	0	88.000000	-13.000000
11	0	6220.000000	1505.000000
12	0	-803.000000	-208.000000
13	0	-96.000000	-12.000000
14	0	-1292.000000	-316.000000
15	0	301.000000	84.000000
16	0	5372.000000	1311.000000
17	0	393.000000	99.000000
18	0	-1396.000000	-372.000000
19	0	-978.000000	-229.000000
20	0	12.000000	4.000000
21	0	-320.000000	-69.000000
22	0	10981.000000	2636.000000
23	0	-3926.000000	-1057.000000
24	0	-3597.000000	-805.000000
25	0	4028.000000	1057.000000
26	0	5839.000000	914.000000
27	1	25161.000000	-4167.000000
28	0	-6240.000000	-1418.000000
29	0	3245.000000	849.000000
30	0	-1900.000000	-510.000000
31	0	5283.000000	1288.000000
0	0	-7159.000000	821.000000
1	1	-25832.000000	-8685.000000
2	0	-4831.000000	-1473.000000
3	0	-2250.000000	-476.000000
4	0	7715.000000	1906.000000
5	0	3305.000000	859.000000
6	0	175.000000	46.000000
7	0	867.000000	85.000000
8	0	196.000000	98.000000
9	0	2133.000000	591.000000
10	0	1339.000000	310.000000
11	0	953.000000	193.000000
12	0	-153.000000	-40.000000
13	0	1354.000000	368.000000
14	0	149.000000	20.000000
15	0	855.000000	223.000000
16	0	1084.000000	239.000000
17	0	346.000000	95.000000
18	0	10.000000	2.000000
19	0	1026.000000	263.000000
20	0	1634.000000	441.000000
21	0	-380.000000	-98.000000
22	0	867.000000	247.000000
23	0	3615.000000	859.000000
24	0	4623.000000	942.000000
25	0	-8364.000000	-1898.000000
26	0	6457.000000	1498.000000
27	0	5939.000000	710.000000
28	1	25016.000000	-2519.000000
29	0	-3705.000000	-824.000000
30	0	2081.000000	453.000000
31	0	3321.000000	843.000000
0	0	-7012.000000	859.000000
1	1	-25846.000000	-8671.000000
2	0	-4914.000000	-1486.000000
3	0	-2160.000000	-450.000000
4	0	7809.000000	1928.000000
5	0	3364.000000	874.000000
6	0	151.000000	40.000000
7	0	654.000000	34.000000
8	0	403.000000	149.000000
9	0	2347.000000	648.000000
10	0	1473.000000	343.000000
11	0	156.000000	-5.000000
12	0	189.000000	44.000000
13	0	1948.000000	522.000000
14	0	712.000000	154.000000
15	0	710.000000	188.000000
16	0	-726.000000	-218.000000
17	0	626.000000	157.000000
18	0	730.000000	191.000000
19	0	3880.000000	985.000000
20	0	5964.000000	1650.000000
21	0	-5478.000000	-1407.000000
22	0	-2742.000000	-651.000000
23	0	5124.000000	1244.000000
24	0	6081.000000	711.000000
25	1	24990.000000	-2499.000000
26	0	2659.000000	608.000000
27	0	8081.000000	1871.000000
28	0	-4861.000000	-1080.000000
29	0	-4968.000000	-1161.000000
30	0	1497.000000	356.000000
31	0	344.000000	82.000000
0	0	-15451.000000	-3678.000000
1	0	-10741.000000	-2726.000000
2	0	13003.000000	3304.000000
3	0	-1180.000000	-301.000000
4	0	-5637.000000	-1365.000000
5	0	-7075.000000	423.000000
6	1	-25257.000000	-5462.000000
7	0	10514.000000	2948.000000
8	0	-2488.000000	-631.000000
9	0	-6584.000000	-1576.000000
10	0	3387.000000	695.000000
11	0	9869.000000	2479.000000
12	0	-2911.000000	-723.000000
13	0	-1195.000000	-293.000000
14	0	-1843.000000	-472.000000
15	0	1388.000000	349.000000
16	0	12355.000000	3020.000000
17	0	-5743.000000	-1321.000000
18	0	-2979.000000	-764.000000
19	0	-1246.000000	-307.000000
20	0	174.000000	42.000000
21	0	261.000000	70.000000
22	0	7052.000000	1654.000000
23	0	-4525.000000	-1033.000000
24	0	-965.000000	-245.000000
25	0	6147.000000	637.000000
26	1	24956.000000	-1482.000000
27	0	-4597.000000	-1170.000000
28	0	-1250.000000	-300.000000
29	0	9889.000000	2552.000000
30	0	-7563.000000	-1960.000000
31	0	2885.000000	747.000000
0	0	-26056.000000	-6423.000000
1	0	11377.000000	2738.000000
2	0	-5927.000000	-1554.000000
3	0	-6519.000000	335.000000
4	1	-25211.000000	-4859.000000
5	0	5804.000000	1511.000000
6	0	1283.000000	316.000000
7	0	-3503.000000	-1006.000000
8	0	-2876.000000	-715.000000
9	0	6675.000000	1752.000000
10	0	2613.000000	644.000000
11	0	-662.000000	-183.000000
12	0	-1263.000000	-323.000000
13	0	1988.000000	530.000000
14	0	1272.000000	287.000000
15	0	2714.000000	699.000000
16	0	-1647.000000	-443.000000
17	0	-200.000000	-42.000000
18	0	-120.000000	-33.000000
19	0	1296.000000	336.000000
20	0	3459.000000	921.000000
21	0	5652.000000	1430.000000
22	0	-8357.000000	-2036.000000
23	0	1041.000000	263.000000
24	0	4794.000000	1126.000000
25	0	-4758.000000	-1135.000000
26	0	1324.000000	325.000000
27	0	5049.000000	1219.000000
28	0	6159.000000	148.000000
29	1	24955.000000	1311.000000
30	0	7689.000000	1978.000000
31	0	-4716.000000	-1299.000000
0	0	-15796.000000	-3825.000000
1	0	-6288.000000	-346.000000
2	1	-24928.000000	-87.000000
3	0	36.000000	4.000000
4	0	-3147.000000	-788.000000
5	0	-7524.000000	-1873.000000
6	0	2277.000000	586.000000
7	0	13051.000000	3432.000000
8	0	-1270.000000	-310.000000
9	0	-2313.000000	-536.000000
10	0	-118.000000	-66.000000
11	0	7433.000000	1783.000000
12	0	-747.000000	-178.000000
13	0	-696.000000	-141.000000
14	0	-1891.000000	-461.000000
15	0	-19.000000	7.000000
16	0	7810.000000	1839.000000
17	0	5516.000000	1271.000000
18	0	-5659.000000	-1321.000000
19	0	-3750.000000	-888.000000
20	0	-773.000000	-207.000000
21	0	-568.000000	-142.000000
22	0	6319.000000	754.000000
23	1	24991.000000	-2322.000000
24	0	-5003.000000	-1197.000000
25	0	4698.000000	1073.000000
26	0	4737.000000	1246.000000
27	0	-7751.000000	-1884.000000
28	0	-2461.000000	-609.000000
29	0	2202.000000	550.000000
30	0	-1426.000000	-359.000000
31	0	1776.000000	451.000000
0	0	-20584.000000	-5982.000000
1	0	-1912.000000	-452.000000
2	0	3646.000000	1064.000000
3	0	-1385.000000	-272.000000
4	0	-4785.000000	-1045.000000
5	0	-1572.000000	-336.000000
6	0	5479.000000	1141.000000
7	0	3896.000000	1241.000000
8	0	-3619.000000	-882.000000
9	0	-6269.000000	-924.000000
10	1	-25047.000000	3348.000000
11	0	6732.000000	1725.000000
12	0	-2460.000000	-613.000000
13	0	-2871.000000	-661.000000
14	0	-2096.000000	-581.000000
15	0	5102.000000	1282.000000
16	0	6093.000000	1629.000000
17	0	-2522.000000	-632.000000
18	0	-1792.000000	-499.000000
19	0	-1025.000000	-257.000000
20	0	1143.000000	315.000000
21	0	1263.000000	334.000000
22	0	2791.000000	755.000000
23	0	-1734.000000	-454.000000
24	0	6.000000	-15.000000
25	0	10659.000000	2980.000000
26	0	-5684.000000	-1516.000000
27	0	-2054.000000	-595.000000
28	0	-338.000000	-99.000000
29	0	7312.000000	-1437.000000
30	1	26437.000000	11066.000000
31	0	4334.000000	1368.000000
0	0	-21666.000000	-5973.000000
1	0	2235.000000	499.000000
2	0	-984.000000	-60.000000
3	0	-5244.000000	-1198.000000
4	0	1631.000000	354.000000
5	0	4811.000000	1175.000000
6	0	1506.000000	311.000000
7	0	-2908.000000	-522.000000
8	0	-5912.000000	-1046.000000
9	1	-25235.000000	4779.000000
10	0	3696.000000	890.000000
11	0	215.000000	129.000000
12	0	-5363.000000	-1225.000000
13	0	2485.000000	581.000000
14	0	3002.000000	629.000000
15	0	2332.000000	596.000000
16	0	594.000000	176.000000
17	0	-1229.000000	-287.000000
18	0	-964.000000	-252.000000
19	0	1008.000000	253.000000
20	0	1998.000000	557.000000
21	0	2399.000000	650.000000
22	0	-2062.000000	-532.000000
23	0	52.000000	16.000000
24	0	1777.000000	439.000000
25	0	885.000000	260.000000
26	0	330.000000	96.000000
27	0	2225.000000	549.000000
28	0	5282.000000	1451.000000
29	0	-2452.000000	-744.000000
30	0	7003.000000	-820.000000
31	1	25620.000000	7486.000000
0	1	24998.000000	-2297.000000
1	0	8512.000000	2156.000000
2	0	-6241.000000	-136.000000
3	1	-24975.000000	-1975.000000
4	0	6676.000000	1605.000000
5	0	1481.000000	385.000000
6	0	-351.000000	-89.000000
7	0	-5776.000000	-1668.000000
8	0	6104.000000	1598.000000
9	0	2373.000000	617.000000
10	0	926.000000	212.000000
11	0	-1394.000000	-377.000000
12	0	873.000000	215.000000
13	0	1866.000000	501.000000
14	0	277.000000	56.000000
15	0	889.000000	231.000000
16	0	1428.000000	313.000000
17	0	-262.000000	-45.000000
18	0	-421.000000	-103.000000
19	0	375.000000	105.000000
20	0	1004.000000	276.000000
21	0	793.000000	212.000000
22	0	1381.000000	314.000000
23	0	-314.000000	-74.000000
24	0	753.000000	172.000000
25	0	2906.000000	735.000000
26	0	3052.000000	705.000000
27	0	196.000000	58.000000
28	0	-2744.000000	-589.000000
29	0	6331.000000	1633.000000
30	0	139.000000	-31.000000
31	0	5654.000000	667.000000
0	1	24996.000000	-2263.000000
1	0	-8241.000000	-2091.000000
2	0	9895.000000	2506.000000
3	0	429.000000	94.000000
4	0	-1316.000000	-364.000000
5	0	-5922.000000	-1661.000000
6	0	-6365.000000	285.000000
7	1	-25101.000000	-4032.000000
8	0	-758.000000	-199.000000
9	0	-2204.000000	-571.000000
10	0	-5391.000000	-1418.000000
11	0	10621.000000	2675.000000
12	0	-867.000000	-222.000000
13	0	-238.000000	-55.000000
14	0	-1732.000000	-442.000000
15	0	-463.000000	-100.000000
16	0	6092.000000	1530.000000
17	0	-810.000000	-189.000000
18	0	-884.000000	-233.000000
19	0	-370.000000	-90.000000
20	0	510.000000	138.000000
21	0	345.000000	96.000000
22	0	3023.000000	732.000000
23	0	-675.000000	-167.000000
24	0	396.000000	79.000000
25	0	3678.000000	943.000000
26	0	2742.000000	629.000000
27	0	-76.000000	-13.000000
28	0	-3038.000000	-665.000000
29	0	6915.000000	1787.000000
30	0	-167.000000	-112.000000
31	0	5655.000000	671.000000
0	0	-6986.000000	863.000000
1	1	-25832.000000	-8669.000000
2	0	-4760.000000	-1456.000000
3	0	-2181.000000	-456.000000
4	0	7714.000000	1906.000000
5	0	3219.000000	840.000000
6	0	59.000000	16.000000
7	0	1137.000000	153.000000
8	0	326.000000	130.000000
9	0	2020.000000	568.000000
10	0	1002.000000	231.000000
11	0	1241.000000	253.000000
12	0	418.000000	93.000000
13	0	1859.000000	502.000000
14	0	-847.000000	-205.000000
15	0	-30.000000	10.000000
16	0	1707.000000	383.000000
17	0	2007.000000	460.000000
18	0	2220.000000	545.000000
19	0	143.000000	105.000000
20	0	-2236.000000	-589.000000
21	0	-1785.000000	-443.000000
22	0	6074.000000	1444.000000
23	0	6323.000000	680.000000
24	1	24967.000000	-2064.000000
25	0	-4765.000000	-1195.000000
26	0	5271.000000	1176.000000
27	0	-175.000000	85.000000
28	0	-4827.000000	-1164.000000
29	0	-352.000000	-84.000000
30	0	78.000000	12.000000
31	0	1172.000000	291.000000
0	0	-18004.000000	-4285.000000
1	0	8842.000000	2224.000000
2	0	-6252.000000	-138.000000
3	1	-24972.000000	-1939.000000
4	0	6980.000000	1669.000000
5	0	1738.000000	450.000000
6	0	-335.000000	-75.000000
7	0	-6818.000000	-1982.000000
8	0	6737.000000	1750.000000
9	0	3220.000000	825.000000
10	0	1712.000000	373.000000
11	0	-4528.000000	-1115.000000
12	0	1920.000000	466.000000
13	0	3522.000000	892.000000
14	0	4078.000000	864.000000
15	0	54.000000	3.000000
16	0	-5771.000000	-1360.000000
17	0	975.000000	241.000000
18	0	1178.000000	305.000000
19	0	7134.000000	1712.000000
20	0	6705.000000	1294.000000
21	1	25163.000000	-4354.000000
22	0	-7499.000000	-1665.000000
23	0	2555.000000	614.000000
24	0	7650.000000	1846.000000
25	0	-10441.000000	-2572.000000
26	0	1340.000000	312.000000
27	0	2335.000000	569.000000
28	0	520.000000	88.000000
29	0	-3582.000000	-821.000000
30	0	1123.000000	266.000000
31	0	-236.000000	-61.000000
0	0	-8936.000000	-2088.000000
1	0	-8605.000000	-2180.000000
2	0	10484.000000	2660.000000
3	0	381.000000	81.000000
4	0	-1596.000000	-433.000000
5	0	-6234.000000	-1740.000000
6	0	-6371.000000	285.000000
7	1	-25096.000000	-3978.000000
8	0	-1623.000000	-407.000000
9	0	-3090.000000	-790.000000
10	0	-6039.000000	-1577.000000
11	0	15426.000000	3843.000000
12	0	-211.000000	-82.000000
13	0	-4004.000000	-966.000000
14	0	-3384.000000	-825.000000
15	0	-1463.000000	-349.000000
16	0	12551.000000	3177.000000
17	0	6204.000000	567.000000
18	1	24967.000000	-1679.000000
19	0	-6817.000000	-1625.000000
20	0	-1261.000000	-343.000000
21	0	-849.000000	-213.000000
22	0	12371.000000	2922.000000
23	0	-7637.000000	-1778.000000
24	0	-2536.000000	-603.000000
25	0	3418.000000	866.000000
26	0	-422.000000	-85.000000
27	0	-2257.000000	-569.000000
28	0	-1271.000000	-313.000000
29	0	1701.000000	449.000000
30	0	-1048.000000	-280.000000
31	0	845.000000	223.000000
0	0	-20764.000000	-4938.000000
1	0	11661.000000	2801.000000
2	0	-6467.000000	-1736.000000
3	0	-6518.000000	335.000000
4	1	-25205.000000	-4810.000000
5	0	6050.000000	1582.000000
6	0	1706.000000	422.000000
7	0	-4672.000000	-1360.000000
8	0	-2671.000000	-666.000000
9	0	7062.000000	1846.000000
10	0	3889.000000	945.000000
11	0	-2944.000000	-746.000000
12	0	-991.000000	-255.000000
13	0	2280.000000	591.000000
14	0	2709.000000	601.000000
15	0	9265.000000	2217.000000
16	0	-10634.000000	-2603.000000
17	0	30.000000	10.000000
18	0	169.000000	44.000000
19	0	2016.000000	500.000000
20	0	7174.000000	1822.000000
21	0	6152.000000	737.000000
22	1	24995.000000	-2320.000000
23	0	1028.000000	253.000000
24	0	3956.000000	941.000000
25	0	-4527.000000	-1100.000000
26	0	757.000000	179.000000
27	0	2075.000000	504.000000
28	0	6226.000000	1472.000000
29	0	-8255.000000	-1983.000000
30	0	2379.000000	597.000000
31	0	-1448.000000	-388.000000
0	0	-10551.000000	-2361.000000
1	0	-11083.000000	-2818.000000
2	0	14032.000000	3539.000000
3	0	-1600.000000	-410.000000
4	0	-5948.000000	-1441.000000
5	0	-7077.000000	426.000000
6	1	-25260.000000	-5472.000000
7	0	12812.000000	3528.000000
8	0	-4194.000000	-1054.000000
9	0	-7053.000000	-1687.000000
10	0	3153.000000	630.000000
11	0	19871.000000	4809.000000
12	0	-11193.000000	-2675.000000
13	0	-2833.000000	-699.000000
14	0	-2212.000000	-554.000000
15	0	1113.000000	275.000000
16	0	6437.000000	923.000000
17	1	25037.000000	-2989.000000
18	0	-6726.000000	-1719.000000
19	0	-2059.000000	-507.000000
20	0	-163.000000	-52.000000
21	0	27.000000	5.000000
22	0	6496.000000	1504.000000
23	0	-4143.000000	-929.000000
24	0	-1059.000000	-261.000000
25	0	9728.000000	2332.000000
26	0	-6647.000000	-1512.000000
27	0	-2074.000000	-513.000000
28	0	-763.000000	-185.000000
29	0	3589.000000	894.000000
30	0	-2467.000000	-615.000000
31	0	945.000000	243.000000
0	0	-21444.000000	-5945.000000
1	0	3349.000000	819.000000
2	0	-8144.000000	-1889.000000
3	0	3730.000000	959.000000
4	0	4184.000000	986.000000
5	0	1419.000000	342.000000
6	0	352.000000	47.000000
7	0	-6280.000000	-1059.000000
8	1	-25054.000000	3507.000000
9	0	4150.000000	984.000000
10	0	1382.000000	336.000000
11	0	-8988.000000	-2077.000000
12	0	2044.000000	492.000000
13	0	6517.000000	1595.000000
14	0	1255.000000	270.000000
15	0	1593.000000	416.000000
16	0	-2185.000000	-534.000000
17	0	-3.000000	28.000000
18	0	510.000000	118.000000
19	0	1330.000000	335.000000
20	0	1676.000000	472.000000
21	0	2207.000000	603.000000
22	0	-2685.000000	-682.000000
23	0	547.000000	135.000000
24	0	1857.000000	462.000000
25	0	18.000000	36.000000
26	0	801.000000	214.000000
27	0	2428.000000	600.000000
28	0	5317.000000	1461.000000
29	0	-2867.000000	-843.000000
30	0	7011.000000	-818.000000
31	1	25613.000000	7443.000000
0	0	-19667.000000	-5717.000000
1	0	-2878.000000	-701.000000
2	0	4318.000000	1233.000000
3	0	-185.000000	-2.000000
4	0	-1200.000000	-288.000000
5	0	-3553.000000	-933.000000
6	0	-3239.000000	-820.000000
7	0	10142.000000	2863.000000
8	0	-1257.000000	-318.000000
9	0	-3614.000000	-903.000000
10	0	-6095.000000	-612.000000
11	1	-24950.000000	1668.000000
12	0	-1665.000000	-436.000000
13	0	-1112.000000	-258.000000
14	0	-5899.000000	-1369.000000
15	0	-1082.000000	-209.000000
16	0	13180.000000	3327.000000
17	0	-2324.000000	-590.000000
18	0	-1498.000000	-423.000000
19	0	-1272.000000	-320.000000
20	0	-367.000000	-78.000000
21	0	330.000000	90.000000
22	0	4855.000000	1260.000000
23	0	-1796.000000	-473.000000
24	0	-441.000000	-122.000000
25	0	10984.000000	3068.000000
26	0	-5710.000000	-1526.000000
27	0	-2247.000000	-643.000000
28	0	-744.000000	-198.000000
29	0	7327.000000	-1432.000000
30	1	26435.000000	11063.000000
31	0	4500.000000	1411.000000
0	0	-6914.000000	883.000000
1	1	-25831.000000	-8662.000000
2	0	-5095.000000	-1546.000000
3	0	-1992.000000	-416.000000
4	0	7970.000000	1962.000000
5	0	3297.000000	857.000000
6	0	-114.000000	-14.000000
7	0	595.000000	-0.000000
8	0	958.000000	282.000000
9	0	2759.000000	748.000000
10	0	653.000000	134.000000
11	0	-406.000000	-127.000000
12	0	1097.000000	252.000000
13	0	6148.000000	1518.000000
14	0	-1054.000000	-293.000000
15	0	-3250.000000	-719.000000
16	0	-696.000000	-180.000000
17	0	1282.000000	303.000000
18	0	3345.000000	840.000000
19	0	6245.000000	840.000000
20	1	25025.000000	-3023.000000
21	0	-6129.000000	-1480.000000
22	0	54.000000	22.000000
23	0	3960.000000	947.000000
24	0	-36.000000	-8.000000
25	0	-4963.000000	-1228.000000
26	0	1270.000000	297.000000
27	0	892.000000	230.000000
28	0	-1009.000000	-242.000000
29	0	-965.000000	-232.000000
30	0	335.000000	82.000000
31	0	197.000000	49.000000
0	0	-17411.000000	-4883.000000
1	0	1142.000000	284.000000
2	0	-1515.000000	-293.000000
3	0	-517.000000	-86.000000
4	0	1190.000000	299.000000
5	0	1136.000000	286.000000
6	0	605.000000	116.000000
7	0	-6803.000000	-1688.000000
8	0	881.000000	278.000000
9	0	5225.000000	1260.000000
10	0	1700.000000	420.000000
11	0	-4786.000000	-1172.000000
12	0	-6506.000000	-591.000000
13	1	-24923.000000	1148.000000
14	0	3757.000000	838.000000
15	0	1957.000000	504.000000
16	0	-2085.000000	-531.000000
17	0	-3693.000000	-860.000000
18	0	4.000000	24.000000
19	0	4271.000000	1046.000000
20	0	2340.000000	649.000000
21	0	2484.000000	674.000000
22	0	-3803.000000	-969.000000
23	0	795.000000	208.000000
24	0	2346.000000	581.000000
25	0	254.000000	86.000000
26	0	455.000000	133.000000
27	0	2580.000000	642.000000
28	0	5532.000000	1516.000000
29	0	-2821.000000	-840.000000
30	0	7013.000000	-813.000000
31	1	25615.000000	7459.000000
0	0	-17301.000000	-5210.000000
1	0	-983.000000	-233.000000
2	0	1941.000000	658.000000
3	0	-493.000000	-72.000000
4	0	-1039.000000	-241.000000
5	0	-1088.000000	-277.000000
6	0	540.000000	82.000000
7	0	3170.000000	1045.000000
8	0	-1624.000000	-409.000000
9	0	-4798.000000	-1226.000000
10	0	-799.000000	-95.000000
11	0	9265.000000	2286.000000
12	0	-2057.000000	-524.000000
13	0	-3640.000000	-856.000000
14	0	-6380.000000	-745.000000
15	1	-24992.000000	2692.000000
16	0	9708.000000	2447.000000
17	0	-2607.000000	-656.000000
18	0	-2097.000000	-574.000000
19	0	-4383.000000	-1040.000000
20	0	119.000000	44.000000
21	0	3837.000000	938.000000
22	0	4509.000000	1146.000000
23	0	-2296.000000	-590.000000
24	0	-748.000000	-199.000000
25	0	12015.000000	3321.000000
26	0	-5939.000000	-1579.000000
27	0	-2410.000000	-684.000000
28	0	-464.000000	-128.000000
29	0	7330.000000	-1429.000000
30	1	26431.000000	11052.000000
31	0	4400.000000	1386.000000
0	0	-12137.000000	-2827.000000
1	0	-6289.000000	-344.000000
2	1	-24927.000000	-107.000000
3	0	287.000000	55.000000
4	0	-3079.000000	-777.000000
5	0	-7695.000000	-1912.000000
6	0	2096.000000	553.000000
7	0	13194.000000	3419.000000
8	0	-452.000000	-119.000000
9	0	-2740.000000	-634.000000
10	0	-671.000000	-198.000000
11	0	6418.000000	1532.000000
12	0	3256.000000	714.000000
13	0	903.000000	308.000000
14	0	-5871.000000	-1369.000000
15	0	-894.000000	-196.000000
16	0	4219.000000	1022.000000
17	0	5970.000000	1305.000000
18	0	6097.000000	1135.000000
19	1	25209.000000	-4787.000000
20	0	-3645.000000	-946.000000
21	0	-1217.000000	-294.000000
22	0	6010.000000	1399.000000
23	0	229.000000	18.000000
24	0	-3925.000000	-884.000000
25	0	-117.000000	-23.000000
26	0	1060.000000	241.000000
27	0	-917.000000	-208.000000
28	0	-1213.000000	-283.000000
29	0	495.000000	123.000000
30	0	-320.000000	-81.000000
31	0	523.000000	130.000000
0	0	-16726.000000	-4680.000000
1	0	145.000000	29.000000
2	0	444.000000	213.000000
3	0	-766.000000	-156.000000
4	0	-589.000000	-122.000000
5	0	716.000000	173.000000
6	0	892.000000	182.000000
7	0	-148.000000	76.000000
8	0	-3168.000000	-760.000000
9	0	156.000000	42.000000
10	0	3436.000000	845.000000
11	0	1159.000000	317.000000
12	0	-4034.000000	-965.000000
13	0	-6345.000000	-545.000000
14	1	-24913.000000	829.000000
15	0	4533.000000	1122.000000
16	0	993.000000	255.000000
17	0	-2085.000000	-502.000000
18	0	-4641.000000	-1239.000000
19	0	11.000000	54.000000
20	0	6075.000000	1672.000000
21	0	3450.000000	921.000000
22	0	-2429.000000	-645.000000
23	0	-784.000000	-186.000000
24	0	2265.000000	564.000000
25	0	1817.000000	500.000000
26	0	-97.000000	-7.000000
27	0	2128.000000	524.000000
28	0	5551.000000	1525.000000
29	0	-2243.000000	-694.000000
30	0	7005.000000	-813.000000
31	1	25615.000000	7467.000000
0	0	-1969.000000	-265.000000
1	0	-1530.000000	-390.000000
2	0	2251.000000	515.000000
3	0	-168.000000	-61.000000
4	0	-769.000000	-201.000000
5	0	-1374.000000	-367.000000
6	0	-1815.000000	-436.000000
7	0	6126.000000	1581.000000
8	0	-1528.000000	-382.000000
9	0	-2299.000000	-594.000000
10	0	-7591.000000	-1888.000000
11	0	14908.000000	3625.000000
12	0	-238.000000	-82.000000
13	0	-4578.000000	-1124.000000
14	0	-6276.000000	-1449.000000
15	0	-6652.000000	261.000000
16	1	-25042.000000	-3588.000000
17	0	6203.000000	576.000000
18	1	24966.000000	-1683.000000
19	0	-7975.000000	-1924.000000
20	0	-4941.000000	-1334.000000
21	0	-5913.000000	-1568.000000
22	0	21677.000000	5282.000000
23	0	-8087.000000	-1904.000000
24	0	-3814.000000	-936.000000
25	0	5046.000000	1296.000000
26	0	-726.000000	-161.000000
27	0	-2884.000000	-738.000000
28	0	-2571.000000	-657.000000
29	0	3628.000000	963.000000
30	0	-1743.000000	-469.000000
31	0	1254.000000	339.000000
0	0	-3795.000000	-687.000000
1	0	1686.000000	408.000000
2	0	-3773.000000	-1036.000000
3	0	2174.000000	508.000000
4	0	1595.000000	384.000000
5	0	809.000000	212.000000
6	0	146.000000	52.000000
7	0	-10246.000000	-2847.000000
8	0	8796.000000	2192.000000
9	0	2428.000000	622.000000
10	0	1494.000000	337.000000
11	0	-6730.000000	-226.000000
12	1	-24934.000000	-1350.000000
13	0	6574.000000	1675.000000
14	0	4666.000000	1018.000000
15	0	39.000000	-7.000000
16	0	-17971.000000	-4430.000000
17	0	7358.000000	1797.000000
18	0	4732.000000	1237.000000
19	0	8316.000000	2012.000000
20	0	6706.000000	1301.000000
21	1	25163.000000	-4357.000000
22	0	-9918.000000	-2262.000000
23	0	3946.000000	951.000000
24	0	8120.000000	1973.000000
25	0	-12960.000000	-3230.000000
26	0	2864.000000	693.000000
27	0	2999.000000	745.000000
28	0	829.000000	168.000000
29	0	-4725.000000	-1117.000000
30	0	1890.000000	464.000000
31	0	-546.000000	-145.000000

