Ch	FreqNum	GIC_SW	CNTHigh	CNTLow	GAP	CCS_A	CCS_B	GIC1A	GIC1B	GIC2A	GIC2B	GIC3A	GIC3B	GIC4A	GIC4B	OffsetHigh	OffsetLow
0	0	8	3	231	1	120	219	128	128	128	128	128	128	128	128	0	13	
0	1	8	0	199	1	154	225	128	128	128	128	128	128	128	128	0	12	
0	2	8	0	99	1	128	225	128	128	128	128	128	128	128	128	0	12	
0	3	8	0	9	1	193	211	128	128	128	128	128	128	128	128	0	13	
0	4	8	0	1	1	140	169	128	128	128	128	128	128	128	128	0	12	
0	5	8	0	0	1	109	151	123	153	123	153	123	153	123	153	0	11	
0	6	4	0	0	5	118	83	131	110	131	110	131	110	131	110	0	10	
0	7	4	0	0	10	104	96	130	34	130	34	130	34	130	34	0	9	
0	8	2	0	0	25	243	50	132	36	132	36	132	36	132	36	0	8	
0	9	1	0	0	40	93	77	120	201	120	201	120	201	120	201	0	66	
0	16	0	0	199	1	154	225	128	128	128	128	128	128	128	128	0	12	
0	17	0	0	1	1	140	169	128	128	128	128	128	128	128	128	0	12	
0	18	4	0	0	5	118	83	131	110	131	110	131	110	131	110	0	10	
1	0	8	3	231	1	132	214	128	128	128	128	128	128	128	128	0	17	
1	1	8	0	199	1	157	220	128	128	128	128	128	128	128	128	0	16	
1	2	8	0	99	1	112	220	128	128	128	128	128	128	128	128	0	16	
1	3	8	0	9	1	143	207	128	128	128	128	128	128	128	128	0	16	
1	4	8	0	1	1	127	166	128	128	128	128	128	128	128	128	0	15	
1	5	8	0	0	1	101	148	124	157	124	157	124	157	124	157	0	14	
1	6	4	0	0	5	117	82	131	114	131	114	131	114	131	114	0	13	
1	7	4	0	0	10	128	95	124	36	124	36	124	36	124	36	0	13	
1	8	2	0	0	25	143	52	120	36	120	36	120	36	120	36	0	12	
1	9	1	0	0	40	150	74	129	194	129	194	129	194	129	194	0	73	
1	16	0	0	199	1	157	220	128	128	128	128	128	128	128	128	0	16	
1	17	0	0	1	1	127	166	128	128	128	128	128	128	128	128	0	15	
1	18	4	0	0	5	117	82	131	114	131	114	131	114	131	114	0	13	
2	0	8	3	231	1	113	214	128	128	128	128	128	128	128	128	0	12	
2	1	8	0	199	1	124	221	128	128	128	128	128	128	128	128	0	12	
2	2	8	0	99	1	107	221	128	128	128	128	128	128	128	128	0	12	
2	3	8	0	9	1	105	208	128	128	128	128	128	128	128	128	0	12	
2	4	8	0	1	1	115	167	128	128	128	128	128	128	128	128	0	11	
2	5	8	0	0	1	186	148	122	155	122	155	122	155	122	155	0	10	
2	6	4	0	0	5	101	82	131	113	131	113	131	113	131	113	0	9	
2	7	4	0	0	10	136	94	123	36	123	36	123	36	123	36	0	9	
2	8	2	0	0	25	232	50	132	34	132	34	132	34	132	34	0	7	
2	9	1	0	0	40	120	80	128	201	128	201	128	201	128	201	0	38	
2	16	0	0	199	1	124	221	128	128	128	128	128	128	128	128	0	12	
2	17	0	0	1	1	115	167	128	128	128	128	128	128	128	128	0	11	
2	18	4	0	0	5	101	82	131	113	131	113	131	113	131	113	0	9	
3	0	8	3	231	1	112	217	128	128	128	128	128	128	128	128	0	13	
3	1	8	0	199	1	173	222	128	128	128	128	128	128	128	128	0	12	
3	2	8	0	99	1	142	222	128	128	128	128	128	128	128	128	0	12	
3	3	8	0	9	1	190	208	128	128	128	128	128	128	128	128	0	12	
3	4	8	0	1	1	130	166	128	128	128	128	128	128	128	128	0	11	
3	5	8	0	0	1	158	148	129	152	129	152	129	152	129	152	0	10	
3	6	4	0	0	5	150	82	131	114	131	114	131	114	131	114	0	9	
3	7	4	0	0	10	116	96	133	36	133	36	133	36	133	36	0	8	
3	8	2	0	0	25	109	53	120	39	120	39	120	39	120	39	0	8	
3	9	1	0	0	40	246	72	138	189	138	189	138	189	138	189	0	189	
3	16	0	0	199	1	173	222	128	128	128	128	128	128	128	128	0	12	
3	17	0	0	1	1	130	166	128	128	128	128	128	128	128	128	0	11	
3	18	4	0	0	5	150	82	131	114	131	114	131	114	131	114	0	9	
4	0	8	3	231	1	145	209	128	128	128	128	128	128	128	128	0	11	
4	1	8	0	199	1	90	216	128	128	128	128	128	128	128	128	0	11	
4	2	8	0	99	1	166	215	128	128	128	128	128	128	128	128	0	11	
4	3	8	0	9	1	147	202	128	128	128	128	128	128	128	128	0	11	
4	4	8	0	1	1	175	161	128	128	128	128	128	128	128	128	0	10	
4	5	8	0	0	1	140	144	125	152	125	152	125	152	125	152	0	9	
4	6	4	0	0	5	114	80	127	113	127	113	127	113	127	113	0	9	
4	7	4	0	0	10	149	92	124	35	124	35	124	35	124	35	0	8	
4	8	2	0	0	25	230	49	132	37	132	37	132	37	132	37	0	7	
4	9	1	0	0	40	80	74	120	199	120	199	120	199	120	199	0	55	
4	16	0	0	199	1	90	216	128	128	128	128	128	128	128	128	0	11	
4	17	0	0	1	1	175	161	128	128	128	128	128	128	128	128	0	10	
4	18	4	0	0	5	114	80	127	113	127	113	127	113	127	113	0	9	
5	0	8	3	231	1	127	212	128	128	128	128	128	128	128	128	0	13	
5	1	8	0	199	1	127	218	128	128	128	128	128	128	128	128	0	13	
5	2	8	0	99	1	108	218	128	128	128	128	128	128	128	128	0	13	
5	3	8	0	9	1	150	204	128	128	128	128	128	128	128	128	0	13	
5	4	8	0	1	1	147	164	128	128	128	128	128	128	128	128	0	12	
5	5	8	0	0	1	128	147	127	173	127	173	127	173	127	173	0	12	
5	6	4	0	0	5	113	89	126	139	126	139	126	139	126	139	0	12	
5	7	4	0	0	10	130	212	128	211	128	211	128	211	128	211	0	67	
5	8	2	0	0	25	0	216	98	111	98	111	98	111	98	111	0	30	
5	9	1	0	0	40	202	26	47	72	47	72	47	72	47	72	0	7	
5	16	0	0	199	1	127	218	128	128	128	128	128	128	128	128	0	13	
5	17	0	0	1	1	147	164	128	128	128	128	128	128	128	128	0	12	
5	18	4	0	0	5	113	89	126	139	126	139	126	139	126	139	0	12	
6	0	8	3	231	1	117	213	128	128	128	128	128	128	128	128	0	8	
6	1	8	0	199	1	94	217	128	128	128	128	128	128	128	128	0	7	
6	2	8	0	99	1	176	216	128	128	128	128	128	128	128	128	0	7	
6	3	8	0	9	1	102	203	128	128	128	128	128	128	128	128	0	7	
6	4	8	0	1	1	100	162	128	128	128	128	128	128	128	128	0	6	
6	5	8	0	0	1	104	143	138	161	138	161	138	161	138	161	0	6	
6	6	4	0	0	5	137	79	126	112	126	112	126	112	126	112	0	6	
6	7	4	0	0	10	194	91	123	36	123	36	123	36	123	36	0	5	
6	8	2	0	0	25	124	47	121	38	121	38	121	38	121	38	0	4	
6	9	1	0	0	40	160	54	129	183	129	183	129	183	129	183	255	184	
6	16	0	0	199	1	94	217	128	128	128	128	128	128	128	128	0	7	
6	17	0	0	1	1	100	162	128	128	128	128	128	128	128	128	0	6	
6	18	4	0	0	5	137	79	126	112	126	112	126	112	126	112	0	6	
7	0	8	3	231	1	111	220	128	128	128	128	128	128	128	128	0	6	
7	1	8	0	199	1	102	224	128	128	128	128	128	128	128	128	0	6	
7	2	8	0	99	1	178	223	128	128	128	128	128	128	128	128	0	6	
7	3	8	0	9	1	184	209	128	128	128	128	128	128	128	128	0	6	
7	4	8	0	1	1	170	167	128	128	128	128	128	128	128	128	0	5	
7	5	8	0	0	1	141	148	125	160	125	160	125	160	125	160	0	5	
7	6	4	0	0	5	150	82	126	115	126	115	126	115	126	115	0	5	
7	7	4	0	0	10	122	95	132	36	132	36	132	36	132	36	0	4	
7	8	2	0	0	25	90	50	123	39	123	39	123	39	123	39	0	2	
7	9	1	0	0	40	240	63	139	188	139	188	139	188	139	188	255	183	
7	16	0	0	199	1	102	224	128	128	128	128	128	128	128	128	0	6	
7	17	0	0	1	1	170	167	128	128	128	128	128	128	128	128	0	5	
7	18	4	0	0	5	150	82	126	115	126	115	126	115	126	115	0	5	
8	0	8	3	231	1	117	215	128	128	128	128	128	128	128	128	0	11	
8	1	8	0	199	1	106	220	128	128	128	128	128	128	128	128	0	11	
8	2	8	0	99	1	99	220	128	128	128	128	128	128	128	128	0	11	
8	3	8	0	9	1	121	206	128	128	128	128	128	128	128	128	0	11	
8	4	8	0	1	1	114	164	128	128	128	128	128	128	128	128	0	10	
8	5	8	0	0	1	159	146	125	151	125	151	125	151	125	151	0	9	
8	6	4	0	0	5	95	81	128	109	128	109	128	109	128	109	0	8	
8	7	4	0	0	10	92	93	128	33	128	33	128	33	128	33	0	8	
8	8	2	0	0	25	84	47	133	35	133	35	133	35	133	35	0	6	
8	9	1	0	0	40	220	60	139	190	139	190	139	190	139	190	0	80	
8	16	0	0	199	1	106	220	128	128	128	128	128	128	128	128	0	11	
8	17	0	0	1	1	114	164	128	128	128	128	128	128	128	128	0	10	
8	18	4	0	0	5	95	81	128	109	128	109	128	109	128	109	0	8	
9	0	8	3	231	1	105	224	128	128	128	128	128	128	128	128	0	7	
9	1	8	0	199	1	143	227	128	128	128	128	128	128	128	128	0	6	
9	2	8	0	99	1	107	227	128	128	128	128	128	128	128	128	0	7	
9	3	8	0	9	1	94	214	128	128	128	128	128	128	128	128	0	7	
9	4	8	0	1	1	131	171	128	128	128	128	128	128	128	128	0	6	
9	5	8	0	0	1	93	150	125	170	125	170	125	170	125	170	0	6	
9	6	4	0	0	5	98	83	127	112	127	112	127	112	127	112	0	5	
9	7	4	0	0	10	122	95	128	35	128	35	128	35	128	35	0	5	
9	8	2	0	0	25	131	48	122	36	122	36	122	36	122	36	0	3	
9	9	1	0	0	40	244	67	139	190	139	190	139	190	139	190	0	71	
9	16	0	0	199	1	143	227	128	128	128	128	128	128	128	128	0	6	
9	17	0	0	1	1	131	171	128	128	128	128	128	128	128	128	0	6	
9	18	4	0	0	5	98	83	127	112	127	112	127	112	127	112	0	5	
10	0	8	3	231	1	110	217	128	128	128	128	128	128	128	128	0	13	
10	1	8	0	199	1	94	222	128	128	128	128	128	128	128	128	0	12	
10	2	8	0	99	1	142	221	128	128	128	128	128	128	128	128	0	12	
10	3	8	0	9	1	123	208	128	128	128	128	128	128	128	128	0	12	
10	4	8	0	1	1	109	166	128	128	128	128	128	128	128	128	0	11	
10	5	8	0	0	1	95	147	126	158	126	158	126	158	126	158	0	11	
10	6	4	0	0	5	95	81	131	108	131	108	131	108	131	108	0	10	
10	7	4	0	0	10	122	93	124	34	124	34	124	34	124	34	0	9	
10	8	2	0	0	25	79	47	135	37	135	37	135	37	135	37	0	9	
10	9	1	0	0	40	243	62	139	186	139	186	139	186	139	186	255	214	
10	16	0	0	199	1	94	222	128	128	128	128	128	128	128	128	0	12	
10	17	0	0	1	1	109	166	128	128	128	128	128	128	128	128	0	11	
10	18	4	0	0	5	95	81	131	108	131	108	131	108	131	108	0	10	
11	0	8	3	231	1	117	216	128	128	128	128	128	128	128	128	0	8	
11	1	8	0	199	1	95	223	128	128	128	128	128	128	128	128	0	8	
11	2	8	0	99	1	126	222	128	128	128	128	128	128	128	128	0	8	
11	3	8	0	9	1	147	209	128	128	128	128	128	128	128	128	0	8	
11	4	8	0	1	1	141	167	128	128	128	128	128	128	128	128	0	7	
11	5	8	0	0	1	132	149	130	150	130	150	130	150	130	150	0	7	
11	6	4	0	0	5	111	82	125	109	125	109	125	109	125	109	0	5	
11	7	4	0	0	10	150	94	126	33	126	33	126	33	126	33	0	5	
11	8	2	0	0	25	215	47	129	35	129	35	129	35	129	35	0	3	
11	9	1	0	0	40	120	64	129	188	129	188	129	188	129	188	255	253	
11	16	0	0	199	1	95	223	128	128	128	128	128	128	128	128	0	8	
11	17	0	0	1	1	141	167	128	128	128	128	128	128	128	128	0	7	
11	18	4	0	0	5	111	82	125	109	125	109	125	109	125	109	0	5	
12	0	8	3	231	1	86	220	128	128	128	128	128	128	128	128	0	15	
12	1	8	0	199	1	104	224	128	128	128	128	128	128	128	128	0	14	
12	2	8	0	99	1	160	223	128	128	128	128	128	128	128	128	0	14	
12	3	8	0	9	1	117	211	128	128	128	128	128	128	128	128	0	15	
12	4	8	0	1	1	149	169	128	128	128	128	128	128	128	128	0	14	
12	5	8	0	0	1	185	148	129	166	129	166	129	166	129	166	0	13	
12	6	4	0	0	5	119	82	129	109	129	109	129	109	129	109	0	12	
12	7	4	0	0	10	120	94	126	33	126	33	126	33	126	33	0	11	
12	8	2	0	0	25	111	48	121	36	121	36	121	36	121	36	0	10	
12	9	1	0	0	40	168	65	133	197	133	197	133	197	133	197	0	18	
12	16	0	0	199	1	104	224	128	128	128	128	128	128	128	128	0	14	
12	17	0	0	1	1	149	169	128	128	128	128	128	128	128	128	0	14	
12	18	4	0	0	5	119	82	129	109	129	109	129	109	129	109	0	12	
13	0	8	3	231	1	191	218	128	128	128	128	128	128	128	128	0	9	
13	1	8	0	199	1	99	223	128	128	128	128	128	128	128	128	0	9	
13	2	8	0	99	1	161	222	128	128	128	128	128	128	128	128	0	9	
13	3	8	0	9	1	123	210	128	128	128	128	128	128	128	128	0	10	
13	4	8	0	1	1	116	168	128	128	128	128	128	128	128	128	0	9	
13	5	8	0	0	1	102	148	128	164	128	164	128	164	128	164	0	9	
13	6	4	0	0	5	104	81	127	115	127	115	127	115	127	115	0	7	
13	7	4	0	0	10	145	92	130	36	130	36	130	36	130	36	0	7	
13	8	2	0	0	25	17	146	255	255	255	255	255	255	255	255	0	60	
13	9	1	0	0	40	81	51	123	191	123	191	123	191	123	191	0	1	
13	16	0	0	199	1	99	223	128	128	128	128	128	128	128	128	0	9	
13	17	0	0	1	1	116	168	128	128	128	128	128	128	128	128	0	9	
13	18	4	0	0	5	104	81	127	115	127	115	127	115	127	115	0	7	
14	0	8	3	231	1	122	223	128	128	128	128	128	128	128	128	0	11	
14	1	8	0	199	1	174	229	128	128	128	128	128	128	128	128	0	10	
14	2	8	0	99	1	113	229	128	128	128	128	128	128	128	128	0	11	
14	3	8	0	9	1	149	216	128	128	128	128	128	128	128	128	0	11	
14	4	8	0	1	1	178	173	128	128	128	128	128	128	128	128	0	10	
14	5	8	0	0	1	118	154	126	157	126	157	126	157	126	157	0	9	
14	6	4	0	0	5	109	85	133	114	133	114	133	114	133	114	0	9	
14	7	4	0	0	10	131	98	131	36	131	36	131	36	131	36	0	8	
14	8	2	0	0	25	147	51	118	41	118	41	118	41	118	41	0	7	
14	9	1	0	0	40	131	67	130	191	130	191	130	191	130	191	255	236	
14	16	0	0	199	1	174	229	128	128	128	128	128	128	128	128	0	10	
14	17	0	0	1	1	178	173	128	128	128	128	128	128	128	128	0	10	
14	18	4	0	0	5	109	85	133	114	133	114	133	114	133	114	0	9	
15	0	8	3	231	1	173	203	128	128	128	128	128	128	128	128	0	12	
15	1	8	0	199	1	131	212	128	128	128	128	128	128	128	128	0	11	
15	2	8	0	99	1	116	212	128	128	128	128	128	128	128	128	0	11	
15	3	8	0	9	1	191	200	128	128	128	128	128	128	128	128	0	11	
15	4	8	0	1	1	102	160	128	128	128	128	128	128	128	128	0	10	
15	5	8	0	0	1	150	144	125	139	125	139	125	139	125	139	0	10	
15	6	4	0	0	5	96	79	129	117	129	117	129	117	129	117	0	9	
15	7	4	0	0	10	95	91	131	37	131	37	131	37	131	37	0	8	
15	8	2	0	0	25	92	46	132	37	132	37	132	37	132	37	0	7	
15	9	1	0	0	40	133	63	130	193	130	193	130	193	130	193	255	158	
15	16	0	0	199	1	131	212	128	128	128	128	128	128	128	128	0	11	
15	17	0	0	1	1	102	160	128	128	128	128	128	128	128	128	0	10	
15	18	4	0	0	5	96	79	129	117	129	117	129	117	129	117	0	9	
16	0	8	3	231	1	93	220	128	128	128	128	128	128	128	128	0	10	
16	1	8	0	199	1	92	225	128	128	128	128	128	128	128	128	0	10	
16	2	8	0	99	1	137	224	128	128	128	128	128	128	128	128	0	10	
16	3	8	0	9	1	150	210	128	128	128	128	128	128	128	128	0	11	
16	4	8	0	1	1	174	169	128	128	128	128	128	128	128	128	0	10	
16	5	8	0	0	1	111	151	131	161	131	161	131	161	131	161	0	9	
16	6	4	0	0	5	146	85	127	120	127	120	127	120	127	120	0	8	
16	7	4	0	0	10	163	99	132	41	132	41	132	41	132	41	0	8	
16	8	2	0	0	25	96	57	127	42	127	42	127	42	127	42	0	7	
16	9	1	0	0	40	177	79	128	187	128	187	128	187	128	187	255	163	
16	16	0	0	199	1	92	225	128	128	128	128	128	128	128	128	0	10	
16	17	0	0	1	1	174	169	128	128	128	128	128	128	128	128	0	10	
16	18	4	0	0	5	146	85	127	120	127	120	127	120	127	120	0	8	
17	0	8	3	231	1	122	222	128	128	128	128	128	128	128	128	0	13	
17	1	8	0	199	1	159	228	128	128	128	128	128	128	128	128	0	13	
17	2	8	0	99	1	120	228	128	128	128	128	128	128	128	128	0	13	
17	3	8	0	9	1	149	214	128	128	128	128	128	128	128	128	0	13	
17	4	8	0	1	1	97	171	128	128	128	128	128	128	128	128	0	12	
17	5	8	0	0	1	120	152	127	152	127	152	127	152	127	152	0	11	
17	6	4	0	0	5	101	84	127	110	127	110	127	110	127	110	0	11	
17	7	4	0	0	10	121	97	127	34	127	34	127	34	127	34	0	10	
17	8	2	0	0	25	79	52	133	35	133	35	133	35	133	35	0	9	
17	9	1	0	0	40	114	80	130	196	130	196	130	196	130	196	0	1	
17	16	0	0	199	1	159	228	128	128	128	128	128	128	128	128	0	13	
17	17	0	0	1	1	97	171	128	128	128	128	128	128	128	128	0	12	
17	18	4	0	0	5	101	84	127	110	127	110	127	110	127	110	0	11	
18	0	8	3	231	1	92	213	128	128	128	128	128	128	128	128	0	11	
18	1	8	0	199	1	121	217	128	128	128	128	128	128	128	128	0	10	
18	2	8	0	99	1	106	217	128	128	128	128	128	128	128	128	0	10	
18	3	8	0	9	1	140	204	128	128	128	128	128	128	128	128	0	11	
18	4	8	0	1	1	96	163	128	128	128	128	128	128	128	128	0	10	
18	5	8	0	0	1	138	144	124	157	124	157	124	157	124	157	0	9	
18	6	4	0	0	5	150	79	123	112	123	112	123	112	123	112	0	8	
18	7	4	0	0	10	170	92	122	35	122	35	122	35	122	35	0	8	
18	8	2	0	0	25	141	49	121	38	121	38	121	38	121	38	0	7	
18	9	1	0	0	40	100	73	130	195	130	195	130	195	130	195	0	13	
18	16	0	0	199	1	121	217	128	128	128	128	128	128	128	128	0	10	
18	17	0	0	1	1	96	163	128	128	128	128	128	128	128	128	0	10	
18	18	4	0	0	5	150	79	123	112	123	112	123	112	123	112	0	8	
19	0	8	3	231	1	100	212	128	128	128	128	128	128	128	128	0	12	
19	1	8	0	199	1	125	218	128	128	128	128	128	128	128	128	0	11	
19	2	8	0	99	1	130	218	128	128	128	128	128	128	128	128	0	12	
19	3	8	0	9	1	106	206	128	128	128	128	128	128	128	128	0	12	
19	4	8	0	1	1	100	165	128	128	128	128	128	128	128	128	0	11	
19	5	8	0	0	1	119	147	129	160	129	160	129	160	129	160	0	11	
19	6	4	0	0	5	110	84	126	120	126	120	126	120	126	120	0	10	
19	7	4	0	0	10	98	101	130	43	130	43	130	43	130	43	0	9	
19	8	2	0	0	25	88	200	171	208	171	208	171	208	171	208	0	83	
19	9	1	0	0	40	91	35	129	122	129	122	129	122	129	122	255	213	
19	16	0	0	199	1	125	218	128	128	128	128	128	128	128	128	0	11	
19	17	0	0	1	1	100	165	128	128	128	128	128	128	128	128	0	11	
19	18	4	0	0	5	110	84	126	120	126	120	126	120	126	120	0	10	
20	0	8	3	231	1	86	212	128	128	128	128	128	128	128	128	0	13	
20	1	8	0	199	1	140	216	128	128	128	128	128	128	128	128	0	13	
20	2	8	0	99	1	134	216	128	128	128	128	128	128	128	128	0	13	
20	3	8	0	9	1	163	203	128	128	128	128	128	128	128	128	0	13	
20	4	8	0	1	1	147	162	128	128	128	128	128	128	128	128	0	12	
20	5	8	0	0	1	140	144	128	157	128	157	128	157	128	157	0	12	
20	6	4	0	0	5	163	79	127	113	127	113	127	113	127	113	0	11	
20	7	4	0	0	10	134	92	125	35	125	35	125	35	125	35	0	10	
20	8	2	0	0	25	187	48	128	37	128	37	128	37	128	37	0	9	
20	9	1	0	0	40	207	62	139	189	139	189	139	189	139	189	255	162	
20	16	0	0	199	1	140	216	128	128	128	128	128	128	128	128	0	13	
20	17	0	0	1	1	147	162	128	128	128	128	128	128	128	128	0	12	
20	18	4	0	0	5	163	79	127	113	127	113	127	113	127	113	0	11	
21	0	8	3	231	1	140	214	128	128	128	128	128	128	128	128	0	14	
21	1	8	0	199	1	168	219	128	128	128	128	128	128	128	128	0	14	
21	2	8	0	99	1	124	219	128	128	128	128	128	128	128	128	0	14	
21	3	8	0	9	1	116	206	128	128	128	128	128	128	128	128	0	14	
21	4	8	0	1	1	104	165	128	128	128	128	128	128	128	128	0	13	
21	5	8	0	0	1	136	146	124	159	124	159	124	159	124	159	0	13	
21	6	4	0	0	5	109	81	130	109	130	109	130	109	130	109	0	12	
21	7	4	0	0	10	157	93	126	34	126	34	126	34	126	34	0	11	
21	8	2	0	0	25	101	49	126	38	126	38	126	38	126	38	0	10	
21	9	1	0	0	40	90	60	126	185	126	185	126	185	126	185	0	10	
21	16	0	0	199	1	168	219	128	128	128	128	128	128	128	128	0	14	
21	17	0	0	1	1	104	165	128	128	128	128	128	128	128	128	0	13	
21	18	4	0	0	5	109	81	130	109	130	109	130	109	130	109	0	12	
22	0	8	3	231	1	119	216	128	128	128	128	128	128	128	128	0	10	
22	1	8	0	199	1	160	220	128	128	128	128	128	128	128	128	0	10	
22	2	8	0	99	1	147	220	128	128	128	128	128	128	128	128	0	10	
22	3	8	0	9	1	96	207	128	128	128	128	128	128	128	128	0	10	
22	4	8	0	1	1	98	166	128	128	128	128	128	128	128	128	0	9	
22	5	8	0	0	1	101	147	132	158	132	158	132	158	132	158	0	9	
22	6	4	0	0	5	99	82	127	116	127	116	127	116	127	116	0	8	
22	7	4	0	0	10	153	95	128	36	128	36	128	36	128	36	0	7	
22	8	2	0	0	25	178	55	123	33	123	33	123	33	123	33	0	6	
22	9	1	0	0	40	151	105	129	211	129	211	129	211	129	211	255	229	
22	16	0	0	199	1	160	220	128	128	128	128	128	128	128	128	0	10	
22	17	0	0	1	1	98	166	128	128	128	128	128	128	128	128	0	9	
22	18	4	0	0	5	99	82	127	116	127	116	127	116	127	116	0	8	
23	0	8	3	231	1	146	214	128	128	128	128	128	128	128	128	0	9	
23	1	8	0	199	1	172	219	128	128	128	128	128	128	128	128	0	8	
23	2	8	0	99	1	149	219	128	128	128	128	128	128	128	128	0	8	
23	3	8	0	9	1	94	207	128	128	128	128	128	128	128	128	0	8	
23	4	8	0	1	1	107	167	128	128	128	128	128	128	128	128	0	7	
23	5	8	0	0	1	125	147	126	162	126	162	126	162	126	162	0	7	
23	6	4	0	0	5	100	82	130	111	130	111	130	111	130	111	0	7	
23	7	4	0	0	10	117	94	127	34	127	34	127	34	127	34	0	6	
23	8	2	0	0	25	139	50	116	40	116	40	116	40	116	40	0	5	
23	9	1	0	0	40	200	68	128	195	128	195	128	195	128	195	0	77	
23	16	0	0	199	1	172	219	128	128	128	128	128	128	128	128	0	8	
23	17	0	0	1	1	107	167	128	128	128	128	128	128	128	128	0	7	
23	18	4	0	0	5	100	82	130	111	130	111	130	111	130	111	0	7	
24	0	8	3	231	1	95	214	128	128	128	128	128	128	128	128	0	9	
24	1	8	0	199	1	123	218	128	128	128	128	128	128	128	128	0	9	
24	2	8	0	99	1	97	218	128	128	128	128	128	128	128	128	0	9	
24	3	8	0	9	1	115	205	128	128	128	128	128	128	128	128	0	9	
24	4	8	0	1	1	182	163	128	128	128	128	128	128	128	128	0	8	
24	5	8	0	0	1	141	145	123	158	123	158	123	158	123	158	0	8	
24	6	4	0	0	5	133	81	124	114	124	114	124	114	124	114	0	7	
24	7	4	0	0	10	95	95	128	36	128	36	128	36	128	36	0	6	
24	8	2	0	0	25	189	52	124	34	124	34	124	34	124	34	0	5	
24	9	1	0	0	40	96	82	128	197	128	197	128	197	128	197	255	220	
24	16	0	0	199	1	123	218	128	128	128	128	128	128	128	128	0	9	
24	17	0	0	1	1	182	163	128	128	128	128	128	128	128	128	0	8	
24	18	4	0	0	5	133	81	124	114	124	114	124	114	124	114	0	7	
25	0	8	3	231	1	98	218	128	128	128	128	128	128	128	128	0	10	
25	1	8	0	199	1	144	222	128	128	128	128	128	128	128	128	0	9	
25	2	8	0	99	1	110	222	128	128	128	128	128	128	128	128	0	10	
25	3	8	0	9	1	98	209	128	128	128	128	128	128	128	128	0	9	
25	4	8	0	1	1	119	167	128	128	128	128	128	128	128	128	0	9	
25	5	8	0	0	1	94	148	128	161	128	161	128	161	128	161	0	8	
25	6	4	0	0	5	126	82	124	116	124	116	124	116	124	116	0	8	
25	7	4	0	0	10	121	94	131	37	131	37	131	37	131	37	0	7	
25	8	2	0	0	25	84	48	130	39	130	39	130	39	130	39	0	6	
25	9	1	0	0	40	122	55	121	190	121	190	121	190	121	190	255	241	
25	16	0	0	199	1	144	222	128	128	128	128	128	128	128	128	0	9	
25	17	0	0	1	1	119	167	128	128	128	128	128	128	128	128	0	9	
25	18	4	0	0	5	126	82	124	116	124	116	124	116	124	116	0	8	
26	0	8	3	231	1	147	215	128	128	128	128	128	128	128	128	0	10	
26	1	8	0	199	1	166	219	128	128	128	128	128	128	128	128	0	9	
26	2	8	0	99	1	140	220	128	128	128	128	128	128	128	128	0	9	
26	3	8	0	9	1	118	207	128	128	128	128	128	128	128	128	0	10	
26	4	8	0	1	1	100	165	128	128	128	128	128	128	128	128	0	9	
26	5	8	0	0	1	105	146	131	157	131	157	131	157	131	157	0	8	
26	6	4	0	0	5	121	80	126	112	126	112	126	112	126	112	0	8	
26	7	4	0	0	10	115	93	125	35	125	35	125	35	125	35	0	7	
26	8	2	0	0	25	100	49	127	34	127	34	127	34	127	34	0	6	
26	9	1	0	0	40	128	82	128	199	128	199	128	199	128	199	255	213	
26	16	0	0	199	1	166	219	128	128	128	128	128	128	128	128	0	9	
26	17	0	0	1	1	100	165	128	128	128	128	128	128	128	128	0	9	
26	18	4	0	0	5	121	80	126	112	126	112	126	112	126	112	0	8	
27	0	8	3	231	1	94	218	128	128	128	128	128	128	128	128	0	10	
27	1	8	0	199	1	101	223	128	128	128	128	128	128	128	128	0	10	
27	2	8	0	99	1	170	222	128	128	128	128	128	128	128	128	0	10	
27	3	8	0	9	1	150	209	128	128	128	128	128	128	128	128	0	10	
27	4	8	0	1	1	127	167	128	128	128	128	128	128	128	128	0	9	
27	5	8	0	0	1	121	148	133	156	133	156	133	156	133	156	0	8	
27	6	4	0	0	5	100	82	125	111	125	111	125	111	125	111	0	8	
27	7	4	0	0	10	108	94	131	34	131	34	131	34	131	34	0	7	
27	8	2	0	0	25	204	47	128	36	128	36	128	36	128	36	0	6	
27	9	1	0	0	40	89	58	124	192	124	192	124	192	124	192	255	181	
27	16	0	0	199	1	101	223	128	128	128	128	128	128	128	128	0	10	
27	17	0	0	1	1	127	167	128	128	128	128	128	128	128	128	0	9	
27	18	4	0	0	5	100	82	125	111	125	111	125	111	125	111	0	8	
28	0	8	3	231	1	109	209	128	128	128	128	128	128	128	128	0	10	
28	1	8	0	199	1	101	213	128	128	128	128	128	128	128	128	0	10	
28	2	8	0	99	1	170	212	128	128	128	128	128	128	128	128	0	10	
28	3	8	0	9	1	104	200	128	128	128	128	128	128	128	128	0	10	
28	4	8	0	1	1	141	159	128	128	128	128	128	128	128	128	0	9	
28	5	8	0	0	1	178	140	129	162	129	162	129	162	129	162	0	8	
28	6	4	0	0	5	103	78	127	111	127	111	127	111	127	111	0	8	
28	7	4	0	0	10	102	90	127	35	127	35	127	35	127	35	0	7	
28	8	2	0	0	25	16	151	254	255	254	255	254	255	254	255	0	11	
28	9	1	0	0	40	124	53	121	188	121	188	121	188	121	188	0	168	
28	16	0	0	199	1	101	213	128	128	128	128	128	128	128	128	0	10	
28	17	0	0	1	1	141	159	128	128	128	128	128	128	128	128	0	9	
28	18	4	0	0	5	103	78	127	111	127	111	127	111	127	111	0	8	
29	0	8	3	231	1	130	212	128	128	128	128	128	128	128	128	0	12	
29	1	8	0	199	1	134	216	128	128	128	128	128	128	128	128	0	12	
29	2	8	0	99	1	119	216	128	128	128	128	128	128	128	128	0	12	
29	3	8	0	9	1	157	203	128	128	128	128	128	128	128	128	0	12	
29	4	8	0	1	1	119	164	128	128	128	128	128	128	128	128	0	11	
29	5	8	0	0	1	125	145	129	167	129	167	129	167	129	167	0	10	
29	6	4	0	0	5	108	82	130	117	130	117	130	117	130	117	0	9	
29	7	4	0	0	10	160	95	127	40	127	40	127	40	127	40	0	9	
29	8	2	0	0	25	103	53	135	44	135	44	135	44	135	44	0	8	
29	9	1	0	0	40	227	60	138	177	138	177	138	177	138	177	0	188	
29	16	0	0	199	1	134	216	128	128	128	128	128	128	128	128	0	12	
29	17	0	0	1	1	119	164	128	128	128	128	128	128	128	128	0	11	
29	18	4	0	0	5	108	82	130	117	130	117	130	117	130	117	0	9	
30	0	8	3	231	1	188	209	128	128	128	128	128	128	128	128	0	13	
30	1	8	0	199	1	106	218	128	128	128	128	128	128	128	128	0	12	
30	2	8	0	99	1	118	218	128	128	128	128	128	128	128	128	0	12	
30	3	8	0	9	1	167	205	128	128	128	128	128	128	128	128	0	12	
30	4	8	0	1	1	150	165	128	128	128	128	128	128	128	128	0	11	
30	5	8	0	0	1	159	148	133	146	133	146	133	146	133	146	0	10	
30	6	4	0	0	5	93	82	133	114	133	114	133	114	133	114	0	9	
30	7	4	0	0	10	108	95	128	36	128	36	128	36	128	36	0	8	
30	8	2	0	0	25	127	52	125	35	125	35	125	35	125	35	0	7	
30	9	1	0	0	40	64	85	118	204	118	204	118	204	118	204	0	124	
30	16	0	0	199	1	106	218	128	128	128	128	128	128	128	128	0	12	
30	17	0	0	1	1	150	165	128	128	128	128	128	128	128	128	0	11	
30	18	4	0	0	5	93	82	133	114	133	114	133	114	133	114	0	9	
31	0	8	3	231	1	127	219	128	128	128	128	128	128	128	128	0	16	
31	1	8	0	199	1	172	224	128	128	128	128	128	128	128	128	0	15	
31	2	8	0	99	1	133	224	128	128	128	128	128	128	128	128	0	15	
31	3	8	0	9	1	114	211	128	128	128	128	128	128	128	128	0	16	
31	4	8	0	1	1	111	169	128	128	128	128	128	128	128	128	0	14	
31	5	8	0	0	1	107	150	130	158	130	158	130	158	130	158	0	13	
31	6	4	0	0	5	157	82	130	112	130	112	130	112	130	112	0	12	
31	7	4	0	0	10	117	95	131	35	131	35	131	35	131	35	0	12	
31	8	2	0	0	25	133	49	128	40	128	40	128	40	128	40	0	11	
31	9	1	0	0	40	148	66	132	191	132	191	132	191	132	191	0	160	
31	16	0	0	199	1	172	224	128	128	128	128	128	128	128	128	0	15	
31	17	0	0	1	1	111	169	128	128	128	128	128	128	128	128	0	14	
31	18	4	0	0	5	157	82	130	112	130	112	130	112	130	112	0	12	
