0	1	24996.000000	-2186.000000
1	0	407.000000	15.000000
2	0	3828.000000	994.000000
3	0	-5210.000000	-1198.000000
4	0	-6001.000000	-1025.000000
5	1	-25230.000000	4899.000000
6	0	5288.000000	1183.000000
7	0	2328.000000	681.000000
8	0	-5631.000000	-1342.000000
9	0	121.000000	126.000000
10	0	5748.000000	1295.000000
11	0	3172.000000	778.000000
12	0	-1873.000000	-447.000000
13	0	-169.000000	-9.000000
14	0	285.000000	24.000000
15	0	1825.000000	454.000000
16	0	3064.000000	743.000000
17	0	-1004.000000	-225.000000
18	0	-1026.000000	-261.000000
19	0	4.000000	10.000000
20	0	1165.000000	312.000000
21	0	980.000000	255.000000
22	0	1799.000000	422.000000
23	0	-592.000000	-143.000000
24	0	674.000000	148.000000
25	0	3448.000000	873.000000
26	0	2785.000000	639.000000
27	0	67.000000	26.000000
28	0	-2772.000000	-598.000000
29	0	6548.000000	1679.000000
30	0	-14.000000	-61.000000
31	0	5652.000000	650.000000
0	1	25034.000000	-57.000000
1	0	-6961.000000	-96.000000
2	1	-29284.000000	-2842.000000
3	0	-192.000000	38.000000
4	0	-3469.000000	-664.000000
5	0	-8215.000000	-1619.000000
6	0	2995.000000	540.000000
7	0	12856.000000	3023.000000
8	0	-1234.000000	-245.000000
9	0	-2197.000000	-392.000000
10	0	309.000000	41.000000
11	0	6082.000000	1309.000000
12	0	-1017.000000	-223.000000
13	0	-84.000000	21.000000
14	0	-962.000000	-211.000000
15	0	805.000000	200.000000
16	0	4407.000000	984.000000
17	0	-850.000000	-178.000000
18	0	-919.000000	-219.000000
19	0	-195.000000	-29.000000
20	0	827.000000	220.000000
21	0	689.000000	177.000000
22	0	2438.000000	531.000000
23	0	-630.000000	-142.000000
24	0	537.000000	112.000000
25	0	3606.000000	860.000000
26	0	2869.000000	628.000000
27	0	1.000000	10.000000
28	0	-2986.000000	-607.000000
29	0	6844.000000	1666.000000
30	0	-74.000000	-77.000000
31	0	5793.000000	617.000000
0	0	-12806.000000	246.000000
1	1	-25993.000000	-8769.000000
2	1	-4566.000000	-1313.000000
3	0	-2417.000000	-508.000000
4	0	7633.000000	1879.000000
5	0	3280.000000	852.000000
6	0	218.000000	53.000000
7	0	1013.000000	145.000000
8	0	-20.000000	43.000000
9	0	2023.000000	563.000000
10	0	1333.000000	309.000000
11	0	1559.000000	345.000000
12	0	-656.000000	-161.000000
13	0	961.000000	272.000000
14	0	85.000000	8.000000
15	0	993.000000	264.000000
16	0	2559.000000	592.000000
17	0	-659.000000	-142.000000
18	0	-713.000000	-180.000000
19	0	176.000000	57.000000
20	0	999.000000	275.000000
21	0	802.000000	216.000000
22	0	1720.000000	391.000000
23	0	-455.000000	-109.000000
24	0	680.000000	153.000000
25	0	3187.000000	806.000000
26	0	2919.000000	672.000000
27	0	117.000000	39.000000
28	0	-2794.000000	-600.000000
29	0	6419.000000	1647.000000
30	0	64.000000	-46.000000
31	0	5653.000000	654.000000
0	1	24986.000000	-2173.000000
1	0	-10600.000000	-2662.000000
2	0	12567.000000	3175.000000
3	0	-1066.000000	-272.000000
4	0	-5494.000000	-1331.000000
5	0	-7072.000000	420.000000
6	1	-25255.000000	-5449.000000
7	0	9582.000000	2691.000000
8	0	-2005.000000	-509.000000
9	0	-6295.000000	-1501.000000
10	0	3615.000000	752.000000
11	0	7335.000000	1858.000000
12	0	-1322.000000	-330.000000
13	0	-574.000000	-136.000000
14	0	-1462.000000	-382.000000
15	0	1798.000000	453.000000
16	0	4405.000000	1101.000000
17	0	-944.000000	-218.000000
18	0	-1016.000000	-265.000000
19	0	-333.000000	-76.000000
20	0	882.000000	236.000000
21	0	850.000000	226.000000
22	0	2364.000000	567.000000
23	0	-679.000000	-166.000000
24	0	517.000000	108.000000
25	0	3636.000000	931.000000
26	0	2740.000000	630.000000
27	0	-20.000000	3.000000
28	0	-2884.000000	-626.000000
29	0	6693.000000	1731.000000
30	0	-78.000000	-86.000000
31	0	5655.000000	658.000000
0	1	24985.000000	-2223.000000
1	0	11115.000000	2673.000000
2	0	-5668.000000	-1534.000000
3	0	-6528.000000	341.000000
4	1	-25228.000000	-4997.000000
5	0	5668.000000	1473.000000
6	0	1168.000000	303.000000
7	0	-3001.000000	-916.000000
8	0	-3117.000000	-775.000000
9	0	6402.000000	1681.000000
10	0	2162.000000	532.000000
11	0	700.000000	131.000000
12	0	-1724.000000	-437.000000
13	0	1607.000000	432.000000
14	0	646.000000	146.000000
15	0	1312.000000	341.000000
16	0	2110.000000	484.000000
17	0	-828.000000	-188.000000
18	0	-766.000000	-197.000000
19	0	342.000000	101.000000
20	0	1146.000000	315.000000
21	0	925.000000	248.000000
22	0	1458.000000	329.000000
23	0	-435.000000	-104.000000
24	0	757.000000	173.000000
25	0	3167.000000	801.000000
26	0	2902.000000	668.000000
27	0	154.000000	50.000000
28	0	-2733.000000	-587.000000
29	0	6366.000000	1639.000000
30	0	96.000000	-38.000000
31	0	5652.000000	653.000000
0	0	-25559.000000	-6830.000000
1	0	467.000000	37.000000
2	0	3947.000000	1127.000000
3	0	-5142.000000	-1152.000000
4	0	-5999.000000	-1023.000000
5	1	-25230.000000	4845.000000
6	0	5306.000000	1163.000000
7	0	2294.000000	790.000000
8	0	-5568.000000	-1323.000000
9	0	213.000000	152.000000
10	0	5936.000000	1347.000000
11	0	2735.000000	725.000000
12	0	-1759.000000	-428.000000
13	0	-65.000000	28.000000
14	0	503.000000	72.000000
15	0	2316.000000	591.000000
16	0	1743.000000	453.000000
17	0	-898.000000	-209.000000
18	0	-777.000000	-206.000000
19	0	281.000000	83.000000
20	0	1633.000000	457.000000
21	0	2253.000000	611.000000
22	0	-1415.000000	-378.000000
23	0	-56.000000	-8.000000
24	0	1562.000000	384.000000
25	0	1049.000000	299.000000
26	0	328.000000	97.000000
27	0	2111.000000	517.000000
28	0	5113.000000	1403.000000
29	0	-2334.000000	-701.000000
30	0	6999.000000	-840.000000
31	1	25639.000000	7606.000000
0	0	-26310.000000	-7303.000000
1	0	364.000000	7.000000
2	0	4321.000000	1274.000000
3	0	-5178.000000	-1147.000000
4	0	-6002.000000	-1024.000000
5	1	-25234.000000	4878.000000
6	0	5195.000000	1119.000000
7	0	2971.000000	1033.000000
8	0	-5813.000000	-1392.000000
9	0	35.000000	107.000000
10	0	5710.000000	1288.000000
11	0	4093.000000	1107.000000
12	0	-2426.000000	-609.000000
13	0	-372.000000	-55.000000
14	0	176.000000	-16.000000
15	0	1759.000000	445.000000
16	0	5108.000000	1386.000000
17	0	-2365.000000	-592.000000
18	0	-1472.000000	-410.000000
19	0	-280.000000	-69.000000
20	0	910.000000	255.000000
21	0	924.000000	245.000000
22	0	2439.000000	668.000000
23	0	-1520.000000	-405.000000
24	0	109.000000	13.000000
25	0	10198.000000	2855.000000
26	0	-5482.000000	-1463.000000
27	0	-1944.000000	-566.000000
28	0	-330.000000	-97.000000
29	0	7296.000000	-1466.000000
30	1	26487.000000	11241.000000
31	0	4317.000000	1353.000000
0	0	-21417.000000	-5039.000000
1	0	-6283.000000	-339.000000
2	1	-24931.000000	-156.000000
3	0	-5.000000	-9.000000
4	0	-3074.000000	-776.000000
5	0	-7421.000000	-1846.000000
6	0	2468.000000	636.000000
7	0	12292.000000	3220.000000
8	0	-1112.000000	-277.000000
9	0	-2063.000000	-479.000000
10	0	110.000000	-9.000000
11	0	6165.000000	1494.000000
12	0	-803.000000	-208.000000
13	0	-100.000000	-11.000000
14	0	-1284.000000	-315.000000
15	0	308.000000	87.000000
16	0	5371.000000	1307.000000
17	0	405.000000	102.000000
18	0	-1404.000000	-372.000000
19	0	-990.000000	-232.000000
20	0	9.000000	4.000000
21	0	-318.000000	-68.000000
22	0	11028.000000	2637.000000
23	0	-3916.000000	-1059.000000
24	0	-3621.000000	-812.000000
25	0	4015.000000	1057.000000
26	0	5838.000000	912.000000
27	1	25159.000000	-4152.000000
28	0	-6265.000000	-1424.000000
29	0	3221.000000	844.000000
30	0	-1887.000000	-506.000000
31	0	5296.000000	1291.000000
0	0	-7159.000000	829.000000
1	1	-25841.000000	-8725.000000
2	0	-4755.000000	-1450.000000
3	0	-2329.000000	-494.000000
4	0	7690.000000	1896.000000
5	0	3296.000000	857.000000
6	0	182.000000	47.000000
7	0	857.000000	87.000000
8	0	178.000000	90.000000
9	0	2123.000000	589.000000
10	0	1339.000000	310.000000
11	0	944.000000	193.000000
12	0	-168.000000	-44.000000
13	0	1352.000000	368.000000
14	0	153.000000	22.000000
15	0	851.000000	223.000000
16	0	1088.000000	242.000000
17	0	344.000000	93.000000
18	0	10.000000	3.000000
19	0	1037.000000	268.000000
20	0	1632.000000	437.000000
21	0	-387.000000	-100.000000
22	0	893.000000	253.000000
23	0	3643.000000	868.000000
24	0	4603.000000	938.000000
25	0	-8387.000000	-1904.000000
26	0	6483.000000	1503.000000
27	0	5939.000000	706.000000
28	1	25015.000000	-2493.000000
29	0	-3714.000000	-828.000000
30	0	2080.000000	453.000000
31	0	3342.000000	851.000000
0	0	-7012.000000	866.000000
1	1	-25854.000000	-8710.000000
2	0	-4845.000000	-1466.000000
3	0	-2237.000000	-468.000000
4	0	7785.000000	1919.000000
5	0	3355.000000	872.000000
6	0	156.000000	42.000000
7	0	642.000000	35.000000
8	0	389.000000	145.000000
9	0	2339.000000	646.000000
10	0	1466.000000	340.000000
11	0	138.000000	-6.000000
12	0	181.000000	43.000000
13	0	1952.000000	524.000000
14	0	714.000000	155.000000
15	0	700.000000	185.000000
16	0	-739.000000	-223.000000
17	0	629.000000	158.000000
18	0	744.000000	194.000000
19	0	3903.000000	992.000000
20	0	5961.000000	1649.000000
21	0	-5493.000000	-1416.000000
22	0	-2740.000000	-649.000000
23	0	5169.000000	1256.000000
24	0	6091.000000	714.000000
25	1	24990.000000	-2510.000000
26	0	2696.000000	617.000000
27	0	8084.000000	1870.000000
28	0	-4897.000000	-1089.000000
29	0	-4978.000000	-1163.000000
30	0	1500.000000	355.000000
31	0	365.000000	87.000000
0	0	-15400.000000	-3671.000000
1	0	-10716.000000	-2720.000000
2	0	12962.000000	3298.000000
3	0	-1192.000000	-303.000000
4	0	-5627.000000	-1364.000000
5	0	-7076.000000	425.000000
6	1	-25256.000000	-5454.000000
7	0	10403.000000	2920.000000
8	0	-2488.000000	-630.000000
9	0	-6546.000000	-1567.000000
10	0	3394.000000	699.000000
11	0	9789.000000	2462.000000
12	0	-2890.000000	-721.000000
13	0	-1205.000000	-296.000000
14	0	-1829.000000	-470.000000
15	0	1403.000000	354.000000
16	0	12296.000000	3001.000000
17	0	-5698.000000	-1310.000000
18	0	-2987.000000	-763.000000
19	0	-1262.000000	-311.000000
20	0	182.000000	44.000000
21	0	280.000000	76.000000
22	0	7072.000000	1656.000000
23	0	-4531.000000	-1039.000000
24	0	-979.000000	-250.000000
25	0	6144.000000	629.000000
26	1	24954.000000	-1426.000000
27	0	-4602.000000	-1171.000000
28	0	-1260.000000	-302.000000
29	0	9810.000000	2533.000000
30	0	-7490.000000	-1941.000000
31	0	2885.000000	746.000000
0	0	-25987.000000	-6411.000000
1	0	11334.000000	2726.000000
2	0	-5856.000000	-1536.000000
3	0	-6524.000000	341.000000
4	1	-25217.000000	-4906.000000
5	0	5785.000000	1507.000000
6	0	1294.000000	322.000000
7	0	-3497.000000	-1002.000000
8	0	-2885.000000	-719.000000
9	0	6649.000000	1747.000000
10	0	2611.000000	645.000000
11	0	-653.000000	-180.000000
12	0	-1287.000000	-332.000000
13	0	1977.000000	529.000000
14	0	1280.000000	288.000000
15	0	2704.000000	696.000000
16	0	-1626.000000	-437.000000
17	0	-222.000000	-47.000000
18	0	-128.000000	-36.000000
19	0	1310.000000	340.000000
20	0	3466.000000	923.000000
21	0	5643.000000	1429.000000
22	0	-8344.000000	-2030.000000
23	0	1054.000000	266.000000
24	0	4792.000000	1127.000000
25	0	-4754.000000	-1136.000000
26	0	1335.000000	327.000000
27	0	5042.000000	1219.000000
28	0	6164.000000	131.000000
29	1	24959.000000	1423.000000
30	0	7647.000000	1964.000000
31	0	-4663.000000	-1281.000000
0	0	-15718.000000	-3822.000000
1	0	-6282.000000	-339.000000
2	1	-24928.000000	-126.000000
3	0	30.000000	5.000000
4	0	-3138.000000	-788.000000
5	0	-7508.000000	-1874.000000
6	0	2358.000000	608.000000
7	0	12914.000000	3407.000000
8	0	-1268.000000	-309.000000
9	0	-2295.000000	-534.000000
10	0	-104.000000	-64.000000
11	0	7375.000000	1779.000000
12	0	-731.000000	-174.000000
13	0	-701.000000	-147.000000
14	0	-1893.000000	-461.000000
15	0	-22.000000	7.000000
16	0	7807.000000	1842.000000
17	0	5547.000000	1279.000000
18	0	-5657.000000	-1321.000000
19	0	-3778.000000	-904.000000
20	0	-789.000000	-213.000000
21	0	-571.000000	-142.000000
22	0	6321.000000	748.000000
23	1	24991.000000	-2307.000000
24	0	-5046.000000	-1217.000000
25	0	4696.000000	1081.000000
26	0	4770.000000	1258.000000
27	0	-7768.000000	-1895.000000
28	0	-2498.000000	-621.000000
29	0	2201.000000	553.000000
30	0	-1426.000000	-362.000000
31	0	1797.000000	457.000000
0	0	-20489.000000	-5961.000000
1	0	-1897.000000	-449.000000
2	0	3625.000000	1060.000000
3	0	-1400.000000	-278.000000
4	0	-4763.000000	-1045.000000
5	0	-1559.000000	-334.000000
6	0	5482.000000	1156.000000
7	0	3845.000000	1229.000000
8	0	-3625.000000	-883.000000
9	0	-6264.000000	-921.000000
10	1	-25048.000000	3354.000000
11	0	6707.000000	1721.000000
12	0	-2474.000000	-624.000000
13	0	-2880.000000	-671.000000
14	0	-2069.000000	-575.000000
15	0	5108.000000	1291.000000
16	0	6083.000000	1626.000000
17	0	-2531.000000	-636.000000
18	0	-1811.000000	-501.000000
19	0	-1031.000000	-260.000000
20	0	1160.000000	322.000000
21	0	1286.000000	342.000000
22	0	2794.000000	753.000000
23	0	-1743.000000	-458.000000
24	0	4.000000	-16.000000
25	0	10601.000000	2970.000000
26	0	-5619.000000	-1501.000000
27	0	-2047.000000	-594.000000
28	0	-337.000000	-98.000000
29	0	7304.000000	-1461.000000
30	1	26475.000000	11201.000000
31	0	4326.000000	1361.000000
0	0	-21609.000000	-5963.000000
1	0	2217.000000	497.000000
2	0	-950.000000	-59.000000
3	0	-5254.000000	-1209.000000
4	0	1612.000000	351.000000
5	0	4794.000000	1181.000000
6	0	1522.000000	320.000000
7	0	-2905.000000	-529.000000
8	0	-5917.000000	-1045.000000
9	1	-25235.000000	4773.000000
10	0	3697.000000	897.000000
11	0	229.000000	130.000000
12	0	-5380.000000	-1241.000000
13	0	2464.000000	579.000000
14	0	3011.000000	637.000000
15	0	2345.000000	599.000000
16	0	613.000000	181.000000
17	0	-1259.000000	-294.000000
18	0	-981.000000	-257.000000
19	0	1016.000000	260.000000
20	0	2013.000000	561.000000
21	0	2406.000000	649.000000
22	0	-2057.000000	-528.000000
23	0	51.000000	17.000000
24	0	1784.000000	442.000000
25	0	891.000000	263.000000
26	0	337.000000	99.000000
27	0	2220.000000	547.000000
28	0	5246.000000	1437.000000
29	0	-2470.000000	-739.000000
30	0	7001.000000	-836.000000
31	1	25638.000000	7579.000000
0	1	24994.000000	-2215.000000
1	0	8401.000000	2130.000000
2	0	-6238.000000	-123.000000
3	1	-24979.000000	-2062.000000
4	0	6613.000000	1592.000000
5	0	1463.000000	381.000000
6	0	-353.000000	-89.000000
7	0	-5696.000000	-1644.000000
8	0	6028.000000	1572.000000
9	0	2347.000000	608.000000
10	0	920.000000	211.000000
11	0	-1342.000000	-362.000000
12	0	820.000000	203.000000
13	0	1843.000000	499.000000
14	0	282.000000	57.000000
15	0	892.000000	233.000000
16	0	1455.000000	319.000000
17	0	-280.000000	-50.000000
18	0	-436.000000	-106.000000
19	0	375.000000	106.000000
20	0	1013.000000	279.000000
21	0	796.000000	213.000000
22	0	1401.000000	318.000000
23	0	-310.000000	-72.000000
24	0	749.000000	169.000000
25	0	2887.000000	730.000000
26	0	3069.000000	711.000000
27	0	201.000000	60.000000
28	0	-2756.000000	-593.000000
29	0	6253.000000	1613.000000
30	0	153.000000	-21.000000
31	0	5656.000000	654.000000
0	1	24992.000000	-2180.000000
1	0	-8137.000000	-2059.000000
2	0	9771.000000	2472.000000
3	0	427.000000	95.000000
4	0	-1298.000000	-356.000000
5	0	-5865.000000	-1641.000000
6	0	-6365.000000	282.000000
7	1	-25101.000000	-4034.000000
8	0	-754.000000	-196.000000
9	0	-2173.000000	-560.000000
10	0	-5328.000000	-1402.000000
11	0	10516.000000	2646.000000
12	0	-874.000000	-224.000000
13	0	-241.000000	-56.000000
14	0	-1705.000000	-435.000000
15	0	-437.000000	-91.000000
16	0	6054.000000	1515.000000
17	0	-814.000000	-189.000000
18	0	-897.000000	-234.000000
19	0	-369.000000	-87.000000
20	0	521.000000	142.000000
21	0	359.000000	101.000000
22	0	3032.000000	731.000000
23	0	-676.000000	-167.000000
24	0	391.000000	79.000000
25	0	3662.000000	938.000000
26	0	2760.000000	635.000000
27	0	-76.000000	-10.000000
28	0	-3050.000000	-667.000000
29	0	6839.000000	1767.000000
30	0	-153.000000	-102.000000
31	0	5657.000000	657.000000
0	0	-6986.000000	871.000000
1	1	-25841.000000	-8709.000000
2	0	-4686.000000	-1437.000000
3	0	-2255.000000	-474.000000
4	0	7688.000000	1898.000000
5	0	3207.000000	837.000000
6	0	60.000000	15.000000
7	0	1136.000000	156.000000
8	0	313.000000	125.000000
9	0	2010.000000	564.000000
10	0	991.000000	227.000000
11	0	1237.000000	254.000000
12	0	421.000000	92.000000
13	0	1863.000000	503.000000
14	0	-857.000000	-205.000000
15	0	-45.000000	6.000000
16	0	1713.000000	384.000000
17	0	2037.000000	465.000000
18	0	2231.000000	546.000000
19	0	147.000000	104.000000
20	0	-2257.000000	-594.000000
21	0	-1810.000000	-450.000000
22	0	6135.000000	1450.000000
23	0	6324.000000	671.000000
24	1	24963.000000	-1980.000000
25	0	-4814.000000	-1202.000000
26	0	5320.000000	1184.000000
27	0	-173.000000	87.000000
28	0	-4877.000000	-1175.000000
29	0	-367.000000	-86.000000
30	0	79.000000	13.000000
31	0	1194.000000	296.000000
0	0	-17825.000000	-4242.000000
1	0	8731.000000	2197.000000
2	0	-6249.000000	-125.000000
3	1	-24976.000000	-2025.000000
4	0	6920.000000	1656.000000
5	0	1717.000000	444.000000
6	0	-346.000000	-80.000000
7	0	-6738.000000	-1958.000000
8	0	6673.000000	1726.000000
9	0	3196.000000	817.000000
10	0	1698.000000	371.000000
11	0	-4489.000000	-1103.000000
12	0	1885.000000	459.000000
13	0	3517.000000	897.000000
14	0	4067.000000	856.000000
15	0	42.000000	2.000000
16	0	-5766.000000	-1357.000000
17	0	969.000000	239.000000
18	0	1191.000000	307.000000
19	0	7157.000000	1728.000000
20	0	6707.000000	1297.000000
21	1	25166.000000	-4378.000000
22	0	-7510.000000	-1662.000000
23	0	2591.000000	625.000000
24	0	7657.000000	1849.000000
25	0	-10494.000000	-2586.000000
26	0	1362.000000	317.000000
27	0	2350.000000	573.000000
28	0	493.000000	83.000000
29	0	-3598.000000	-825.000000
30	0	1130.000000	266.000000
31	0	-228.000000	-58.000000
0	0	-8873.000000	-2092.000000
1	0	-8502.000000	-2146.000000
2	0	10352.000000	2626.000000
3	0	392.000000	85.000000
4	0	-1574.000000	-425.000000
5	0	-6179.000000	-1720.000000
6	0	-6372.000000	282.000000
7	1	-25096.000000	-3979.000000
8	0	-1607.000000	-401.000000
9	0	-3062.000000	-779.000000
10	0	-5989.000000	-1562.000000
11	0	15299.000000	3812.000000
12	0	-168.000000	-71.000000
13	0	-4002.000000	-974.000000
14	0	-3379.000000	-822.000000
15	0	-1452.000000	-345.000000
16	0	12500.000000	3156.000000
17	0	6211.000000	560.000000
18	1	24964.000000	-1620.000000
19	0	-6852.000000	-1649.000000
20	0	-1281.000000	-346.000000
21	0	-848.000000	-213.000000
22	0	12423.000000	2927.000000
23	0	-7641.000000	-1790.000000
24	0	-2580.000000	-614.000000
25	0	3423.000000	870.000000
26	0	-390.000000	-79.000000
27	0	-2284.000000	-576.000000
28	0	-1293.000000	-318.000000
29	0	1707.000000	449.000000
30	0	-1054.000000	-282.000000
31	0	863.000000	226.000000
0	0	-20684.000000	-4906.000000
1	0	11614.000000	2788.000000
2	0	-6391.000000	-1719.000000
3	0	-6522.000000	342.000000
4	1	-25211.000000	-4857.000000
5	0	6025.000000	1576.000000
6	0	1706.000000	424.000000
7	0	-4652.000000	-1354.000000
8	0	-2677.000000	-668.000000
9	0	7035.000000	1838.000000
10	0	3870.000000	939.000000
11	0	-2919.000000	-738.000000
12	0	-1009.000000	-262.000000
13	0	2271.000000	591.000000
14	0	2710.000000	599.000000
15	0	9205.000000	2201.000000
16	0	-10574.000000	-2578.000000
17	0	14.000000	6.000000
18	0	167.000000	45.000000
19	0	2036.000000	506.000000
20	0	7182.000000	1820.000000
21	0	6156.000000	738.000000
22	1	24994.000000	-2300.000000
23	0	1047.000000	258.000000
24	0	3975.000000	939.000000
25	0	-4550.000000	-1100.000000
26	0	766.000000	178.000000
27	0	2085.000000	504.000000
28	0	6200.000000	1458.000000
29	0	-8243.000000	-1972.000000
30	0	2370.000000	589.000000
31	0	-1434.000000	-382.000000
0	0	-10502.000000	-2359.000000
1	0	-11052.000000	-2811.000000
2	0	13969.000000	3528.000000
3	0	-1598.000000	-408.000000
4	0	-5933.000000	-1439.000000
5	0	-7078.000000	428.000000
6	1	-25259.000000	-5464.000000
7	0	12668.000000	3494.000000
8	0	-4165.000000	-1042.000000
9	0	-7009.000000	-1675.000000
10	0	3157.000000	637.000000
11	0	19690.000000	4774.000000
12	0	-11072.000000	-2666.000000
13	0	-2830.000000	-707.000000
14	0	-2200.000000	-550.000000
15	0	1125.000000	280.000000
16	0	6438.000000	920.000000
17	1	25036.000000	-2974.000000
18	0	-6717.000000	-1713.000000
19	0	-2074.000000	-514.000000
20	0	-161.000000	-54.000000
21	0	42.000000	10.000000
22	0	6510.000000	1504.000000
23	0	-4149.000000	-937.000000
24	0	-1075.000000	-267.000000
25	0	9696.000000	2333.000000
26	0	-6584.000000	-1501.000000
27	0	-2086.000000	-518.000000
28	0	-769.000000	-186.000000
29	0	3584.000000	894.000000
30	0	-2455.000000	-614.000000
31	0	949.000000	245.000000
0	0	-21362.000000	-5933.000000
1	0	3310.000000	810.000000
2	0	-8038.000000	-1861.000000
3	0	3653.000000	936.000000
4	0	4154.000000	982.000000
5	0	1409.000000	340.000000
6	0	357.000000	48.000000
7	0	-6277.000000	-1057.000000
8	1	-25052.000000	3481.000000
9	0	4130.000000	979.000000
10	0	1385.000000	338.000000
11	0	-8902.000000	-2058.000000
12	0	1953.000000	476.000000
13	0	6498.000000	1600.000000
14	0	1266.000000	269.000000
15	0	1596.000000	421.000000
16	0	-2135.000000	-522.000000
17	0	-56.000000	15.000000
18	0	490.000000	112.000000
19	0	1343.000000	338.000000
20	0	1688.000000	480.000000
21	0	2206.000000	602.000000
22	0	-2677.000000	-679.000000
23	0	551.000000	135.000000
24	0	1863.000000	460.000000
25	0	21.000000	41.000000
26	0	804.000000	214.000000
27	0	2426.000000	600.000000
28	0	5277.000000	1446.000000
29	0	-2888.000000	-838.000000
30	0	7009.000000	-834.000000
31	1	25631.000000	7534.000000
0	0	-19566.000000	-5698.000000
1	0	-2840.000000	-690.000000
2	0	4269.000000	1220.000000
3	0	-196.000000	-4.000000
4	0	-1194.000000	-286.000000
5	0	-3517.000000	-923.000000
6	0	-3183.000000	-807.000000
7	0	10034.000000	2834.000000
8	0	-1263.000000	-317.000000
9	0	-3593.000000	-895.000000
10	0	-6097.000000	-603.000000
11	1	-24947.000000	1603.000000
12	0	-1675.000000	-438.000000
13	0	-1122.000000	-264.000000
14	0	-5872.000000	-1356.000000
15	0	-1029.000000	-197.000000
16	0	13122.000000	3305.000000
17	0	-2323.000000	-590.000000
18	0	-1515.000000	-426.000000
19	0	-1280.000000	-321.000000
20	0	-351.000000	-74.000000
21	0	364.000000	98.000000
22	0	4846.000000	1254.000000
23	0	-1806.000000	-478.000000
24	0	-446.000000	-124.000000
25	0	10924.000000	3053.000000
26	0	-5642.000000	-1511.000000
27	0	-2244.000000	-642.000000
28	0	-744.000000	-198.000000
29	0	7319.000000	-1457.000000
30	1	26473.000000	11198.000000
31	0	4494.000000	1404.000000
0	0	-6913.000000	890.000000
1	1	-25840.000000	-8703.000000
2	0	-5023.000000	-1526.000000
3	0	-2064.000000	-436.000000
4	0	7944.000000	1953.000000
5	0	3284.000000	855.000000
6	0	-117.000000	-17.000000
7	0	593.000000	-0.000000
8	0	951.000000	277.000000
9	0	2748.000000	743.000000
10	0	644.000000	133.000000
11	0	-421.000000	-130.000000
12	0	1100.000000	252.000000
13	0	6163.000000	1523.000000
14	0	-1069.000000	-291.000000
15	0	-3266.000000	-723.000000
16	0	-713.000000	-180.000000
17	0	1300.000000	305.000000
18	0	3365.000000	841.000000
19	0	6247.000000	836.000000
20	1	25021.000000	-2974.000000
21	0	-6154.000000	-1487.000000
22	0	63.000000	25.000000
23	0	3999.000000	954.000000
24	0	-49.000000	-9.000000
25	0	-5019.000000	-1239.000000
26	0	1298.000000	304.000000
27	0	904.000000	232.000000
28	0	-1038.000000	-248.000000
29	0	-986.000000	-235.000000
30	0	340.000000	81.000000
31	0	208.000000	51.000000
0	0	-17381.000000	-4893.000000
1	0	1133.000000	282.000000
2	0	-1489.000000	-279.000000
3	0	-537.000000	-91.000000
4	0	1181.000000	296.000000
5	0	1135.000000	282.000000
6	0	614.000000	120.000000
7	0	-6799.000000	-1674.000000
8	0	873.000000	275.000000
9	0	5212.000000	1250.000000
10	0	1709.000000	423.000000
11	0	-4756.000000	-1159.000000
12	0	-6514.000000	-585.000000
13	1	-24922.000000	1103.000000
14	0	3774.000000	834.000000
15	0	1971.000000	507.000000
16	0	-2063.000000	-517.000000
17	0	-3739.000000	-869.000000
18	0	-16.000000	19.000000
19	0	4291.000000	1050.000000
20	0	2362.000000	654.000000
21	0	2491.000000	677.000000
22	0	-3815.000000	-966.000000
23	0	797.000000	208.000000
24	0	2365.000000	582.000000
25	0	256.000000	89.000000
26	0	454.000000	133.000000
27	0	2583.000000	642.000000
28	0	5500.000000	1503.000000
29	0	-2844.000000	-836.000000
30	0	7011.000000	-829.000000
31	1	25633.000000	7552.000000
0	0	-17232.000000	-5193.000000
1	0	-975.000000	-230.000000
2	0	1932.000000	655.000000
3	0	-505.000000	-77.000000
4	0	-1042.000000	-241.000000
5	0	-1075.000000	-274.000000
6	0	565.000000	89.000000
7	0	3135.000000	1037.000000
8	0	-1635.000000	-413.000000
9	0	-4780.000000	-1223.000000
10	0	-791.000000	-91.000000
11	0	9249.000000	2283.000000
12	0	-2074.000000	-533.000000
13	0	-3654.000000	-867.000000
14	0	-6380.000000	-736.000000
15	1	-24989.000000	2646.000000
16	0	9689.000000	2442.000000
17	0	-2617.000000	-659.000000
18	0	-2122.000000	-580.000000
19	0	-4391.000000	-1044.000000
20	0	140.000000	52.000000
21	0	3860.000000	950.000000
22	0	4512.000000	1144.000000
23	0	-2318.000000	-598.000000
24	0	-749.000000	-200.000000
25	0	11970.000000	3313.000000
26	0	-5880.000000	-1564.000000
27	0	-2408.000000	-684.000000
28	0	-459.000000	-127.000000
29	0	7322.000000	-1454.000000
30	1	26470.000000	11187.000000
31	0	4392.000000	1382.000000
0	0	-12031.000000	-2807.000000
1	0	-6284.000000	-337.000000
2	1	-24928.000000	-167.000000
3	0	286.000000	57.000000
4	0	-3066.000000	-775.000000
5	0	-7682.000000	-1911.000000
6	0	2171.000000	573.000000
7	0	13061.000000	3392.000000
8	0	-445.000000	-116.000000
9	0	-2718.000000	-629.000000
10	0	-660.000000	-195.000000
11	0	6354.000000	1522.000000
12	0	3281.000000	727.000000
13	0	912.000000	312.000000
14	0	-5884.000000	-1372.000000
15	0	-908.000000	-199.000000
16	0	4208.000000	1018.000000
17	0	6014.000000	1317.000000
18	0	6097.000000	1143.000000
19	1	25216.000000	-4794.000000
20	0	-3670.000000	-953.000000
21	0	-1233.000000	-298.000000
22	0	6067.000000	1412.000000
23	0	239.000000	20.000000
24	0	-3966.000000	-899.000000
25	0	-134.000000	-28.000000
26	0	1088.000000	248.000000
27	0	-933.000000	-211.000000
28	0	-1241.000000	-292.000000
29	0	493.000000	126.000000
30	0	-324.000000	-82.000000
31	0	536.000000	132.000000
0	0	-16703.000000	-4687.000000
1	0	145.000000	31.000000
2	0	450.000000	217.000000
3	0	-779.000000	-160.000000
4	0	-592.000000	-123.000000
5	0	719.000000	172.000000
6	0	906.000000	188.000000
7	0	-160.000000	75.000000
8	0	-3179.000000	-756.000000
9	0	159.000000	41.000000
10	0	3445.000000	845.000000
11	0	1168.000000	321.000000
12	0	-4066.000000	-972.000000
13	0	-6363.000000	-517.000000
14	1	-24909.000000	594.000000
15	0	4551.000000	1127.000000
16	0	1010.000000	260.000000
17	0	-2126.000000	-512.000000
18	0	-4675.000000	-1239.000000
19	0	20.000000	51.000000
20	0	6106.000000	1676.000000
21	0	3468.000000	927.000000
22	0	-2432.000000	-642.000000
23	0	-798.000000	-189.000000
24	0	2279.000000	565.000000
25	0	1842.000000	506.000000
26	0	-100.000000	-8.000000
27	0	2123.000000	522.000000
28	0	5522.000000	1514.000000
29	0	-2255.000000	-689.000000
30	0	7004.000000	-829.000000
31	1	25634.000000	7565.000000
0	0	-1966.000000	-281.000000
1	0	-1513.000000	-386.000000
2	0	2223.000000	512.000000
3	0	-159.000000	-58.000000
4	0	-763.000000	-201.000000
5	0	-1363.000000	-363.000000
6	0	-1791.000000	-430.000000
7	0	6080.000000	1571.000000
8	0	-1519.000000	-375.000000
9	0	-2291.000000	-591.000000
10	0	-7549.000000	-1877.000000
11	0	14830.000000	3610.000000
12	0	-198.000000	-73.000000
13	0	-4579.000000	-1136.000000
14	0	-6273.000000	-1442.000000
15	0	-6645.000000	260.000000
16	1	-25042.000000	-3591.000000
17	0	6210.000000	569.000000
18	1	24964.000000	-1624.000000
19	0	-8019.000000	-1952.000000
20	0	-4952.000000	-1336.000000
21	0	-5859.000000	-1557.000000
22	0	21684.000000	5269.000000
23	0	-8100.000000	-1919.000000
24	0	-3859.000000	-948.000000
25	0	5058.000000	1301.000000
26	0	-699.000000	-154.000000
27	0	-2915.000000	-746.000000
28	0	-2574.000000	-658.000000
29	0	3622.000000	961.000000
30	0	-1747.000000	-470.000000
31	0	1263.000000	343.000000
0	0	-3769.000000	-679.000000
1	0	1664.000000	404.000000
2	0	-3714.000000	-1023.000000
3	0	2132.000000	497.000000
4	0	1581.000000	380.000000
5	0	802.000000	209.000000
6	0	137.000000	50.000000
7	0	-10163.000000	-2826.000000
8	0	8730.000000	2163.000000
9	0	2419.000000	616.000000
10	0	1486.000000	336.000000
11	0	-6727.000000	-221.000000
12	1	-24934.000000	-1357.000000
13	0	6565.000000	1685.000000
14	0	4658.000000	1013.000000
15	0	29.000000	-11.000000
16	0	-17859.000000	-4393.000000
17	0	7262.000000	1770.000000
18	0	4727.000000	1232.000000
19	0	8345.000000	2032.000000
20	0	6710.000000	1304.000000
21	1	25166.000000	-4382.000000
22	0	-9935.000000	-2257.000000
23	0	3981.000000	966.000000
24	0	8136.000000	1977.000000
25	0	-12991.000000	-3240.000000
26	0	2853.000000	689.000000
27	0	3019.000000	751.000000
28	0	809.000000	162.000000
29	0	-4739.000000	-1121.000000
30	0	1893.000000	464.000000
31	0	-537.000000	-144.000000

